1.323865683366285241e-03 2.010904139797047382e-05 1.791697877818717753e-03 2.721524339697224072e-05 -2.380884922783418466e-03 -3.616478172794276890e-05 -2.729575497441011703e-03 -4.146126556990034151e-05 1.428665282100015192e-03 2.170090943708195580e-05 1.933531918089346352e-03 2.936965122193461295e-05 -2.569360073755252039e-03 -3.902765117232937322e-05 -2.945653624126687731e-03 -4.474341424201451207e-05
-4.796421490307409621e-03 1.365149503382432922e-03 -6.491397362499783108e-03 1.847570715705940244e-03 8.626047002404012287e-03 -2.455131144183625696e-03 9.889367735593970754e-03 -2.814695389113332571e-03 -5.176114879038431343e-03 1.473217203877729992e-03 -7.005268102831486640e-03 1.993827750744290618e-03 9.308900463951226556e-03 -2.649483760149077150e-03 1.067222794825936280e-02 -3.037511760171984071e-03
-6.421178528064873121e-04 -9.753538177399063245e-06 -6.929490618629617973e-04 -1.052564587689498480e-05 -1.427125524127075354e-04 -2.167752106981045770e-06 -1.610615031911564890e-03 -2.446466039556835419e-05 -6.929490618629617973e-04 -1.052564587689498480e-05 -7.478041612424511653e-04 -1.135887501650607402e-05 -1.540099358368990042e-04 -2.339355279281838863e-06 -1.738114227018463295e-03 -2.640132710188644699e-05
2.326420200484154502e-03 -6.621418463259897465e-04 2.510583825661623966e-03 -7.145581908778981346e-04 5.170536270631193769e-04 -1.471629429635600711e-04 5.835326535566213828e-03 -1.660840928638235769e-03 2.510583825661623966e-03 -7.145581908778981346e-04 2.709326176054533981e-03 -7.711239079417981030e-04 5.579845261119183294e-04 -1.588126273422953367e-04 6.297261524206919370e-03 -1.792316096450773761e-03
3.384181306758519189e-03 5.140449129461736557e-05 2.510583825661623532e-03 3.813486120051987115e-05 -1.260455334657987038e-03 -1.914586111219361935e-05 -5.328700302229958524e-03 -8.094103225219148731e-05 3.652079211694511229e-03 5.547376367509714739e-05 2.709326176054533113e-03 4.115368569442075551e-05 -1.360235255652735530e-03 -2.066148206013420223e-05 -5.750529843143812464e-03 -8.734847056538523277e-05
-1.226103233188962326e-02 3.489714620089048782e-03 -9.095951625547113797e-03 2.588874616106857061e-03 4.566683108934003511e-03 -1.299761747557894682e-03 1.930610708182532373e-02 -5.494872072494348669e-03 -1.323163779782781865e-02 3.765966732728316321e-03 -9.816003585829711359e-03 2.793814606884510027e-03 4.928189992429503515e-03 -1.402653235195187994e-03 2.083441339016696772e-02 -5.929856070890852926e-03
5.166593825236007680e-05 7.847869343813477030e-07 -1.052564587689507967e-05 -1.598807577976159526e-07 -1.252304819692609452e-03 -1.902205773477182632e-05 -5.758313613732044282e-04 -8.746670322822838471e-06 5.575590724625453288e-05 8.469120856319703267e-07 -1.135887501650617397e-05 -1.725372073702263634e-07 -1.351439531200793491e-03 -2.052787818373528025e-05 -6.214152120375415495e-04 -9.439072544290831628e-06
-1.871878844388410209e-04 5.327710419054814165e-05 3.813486120052021674e-05 -1.085388073893222389e-05 4.537153447709154838e-03 -1.291357064517086473e-03 2.086261432096689870e-03 -5.937882572889113548e-04 -2.020060154799933894e-04 5.749461599028542029e-05 4.115368569442112820e-05 -1.171309354309790230e-05 4.896322709884009909e-03 -1.393583222263872342e-03 2.251413655380732608e-03 -6.407936082686613126e-04
2.942329821527850560e-04 4.469292688147749945e-06 3.982100422506073883e-04 6.048666662575238477e-06 -5.291585693284759154e-04 -8.037727475237418215e-06 -6.066560593829000867e-04 -9.214886348168217875e-06 3.320633370560092078e-03 5.043922110457785957e-05 4.494090176820765559e-03 6.826360600427866618e-05 -5.971939620003408750e-03 -9.071160507723674776e-05 -6.846555204315236433e-03 -1.039966997913132198e-04
-1.066018567054576212e-03 3.034084307127347035e-04 -1.442731863439792369e-03 4.106279422834071147e-04 1.917163928030602392e-03 -5.456600070578764223e-04 2.197940619663510398e-03 -6.255742018213271720e-04 -1.203079546520706249e-02 3.424184986205292599e-03 -1.628227921783707496e-02 4.634235217459961934e-03 2.163659039742436840e-02 -6.158170355883362847e-03 2.480535973487258891e-02 -7.060060211913023534e-03
-1.427125524127075354e-04 -2.167752106981045770e-06 -1.540099358368990042e-04 -2.339355279281838863e-06 -3.171827808109189593e-05 -4.817891837661178246e-07 -3.579638553168282018e-04 -5.437341624597118230e-06 -1.610615031911564890e-03 -2.446466039556835419e-05 -1.738114227018463295e-03 -2.640132710188644699e-05 -3.579638553168282018e-04 -5.437341624597118230e-06 -4.039882662787853095e-03 -6.136435797804970017e-05
5.170536270631193769e-04 -1.471629429635600711e-04 5.579845261119183294e-04 -1.588126273422953367e-04 1.149166660448915984e-04 -3.270739026971837435e-05 1.296918222118372509e-03 -3.691267063226862143e-04 5.835326535566213828e-03 -1.660840928638235769e-03 6.297261524206919370e-03 -1.792316096450773761e-03 1.296918222118372509e-03 -3.691267063226862143e-04 1.463666614036311132e-02 -4.165863561630098882e-03
7.521440962963379289e-04 1.142479706189152473e-05 5.579845261119181126e-04 8.475583343530944855e-06 -2.801398485107459277e-04 -4.255223080183990179e-06 -1.184319074527872022e-03 -1.798937882998045360e-05 8.488493599043453464e-03 1.289371507504696185e-04 6.297261524206918502e-03 9.565312725844503394e-05 -3.161582099267814909e-03 -4.802328976123830957e-05 -1.336590280088309837e-02 -2.030232342459195745e-04
-2.725049944727251511e-03 7.755991808172612006e-04 -2.021601591406850616e-03 5.753848810249825342e-04 1.014958546452963441e-03 -2.888758126123764920e-04 4.290838211020231614e-03 -1.221251231716337544e-03 -3.075417214173993205e-02 8.753201300401834001e-03 -2.281524544694702936e-02 6.493637194810383990e-03 1.145454596703503365e-02 -3.260173812907947010e-03 4.842523243634697105e-02 -1.378270907701670961e-02
1.148290440542187364e-05 1.744211689741927605e-07 -2.339355279281859615e-06 -3.553396144843202377e-08 -2.783283729551246240e-04 -4.227707421007164957e-06 -1.279801877204930446e-04 -1.943972810328809493e-06 1.295929344175137310e-04 1.968469849947183243e-06 -2.640132710188668416e-05 -4.010266194854671425e-07 -3.141138279081719456e-03 -4.771275551926784799e-05 -1.444349572933122322e-03 -2.193914814786927518e-05
-4.160304942814392506e-05 1.184099070125412497e-05 8.475583343531022782e-06 -2.412306427964951252e-06 1.008395493725396976e-03 -2.870078474658989821e-04 4.636776452693282713e-04 -1.319711598424162270e-04 -4.695206949179474222e-04 1.336341989106404153e-04 9.565312725844590130e-05 -2.722463391462182994e-05 1.138047713987483910e-02 -3.239092466571268873e-03 5.232939729593404608e-03 -1.489390598286804372e-03
