2.658953111069223274e-02 1.564754948696511425e-02 -6.939537147830678043e-02 -4.083815938132439455e-02 1.322161014584260011e-02 7.780723856812910358e-03 -2.156256650719249462e-02 -1.268925446946278165e-02 -1.422574958579938750e-02 -8.371645205261173117e-03 3.712743834986025754e-02 2.184895350298489067e-02 -7.073735684650236943e-03 -4.162789810865304661e-03 1.153625726912939006e-02 6.788918381508219670e-03
2.125379844449186515e-03 4.827021236140555810e-03 -5.546977237923071680e-03 -1.259792549259921082e-02 1.056842394029232314e-03 2.400230101248000160e-03 -1.723559699424459697e-03 -3.914434068153132065e-03 -1.137106228611950908e-03 -2.582519979942725190e-03 2.967705929687919700e-03 6.740056175199287715e-03 -5.654246096528919982e-04 -1.284154738438447784e-03 9.221271551617704924e-04 2.094273817460284588e-03
2.761809496175558591e-03 -4.981906177547061609e-02 -7.207979529294850779e-03 1.300215593955801885e-01 1.373306219786459351e-03 -2.477246439152319332e-02 -2.239667209382802636e-03 4.040036766302908949e-02 -1.477604480226331774e-03 2.665385464929563922e-02 3.856364047054727448e-03 -6.956324791951214170e-02 -7.347369273257686306e-04 1.325359494268142993e-02 1.198251475122623973e-03 -2.161472916374103728e-02
1.871403455471152416e-02 2.194671674570828918e-03 -4.884130428534909363e-02 -5.727820302499320518e-03 9.305529612695049094e-03 1.091297667435385142e-03 -1.517599588439528385e-02 -1.779751352040784967e-03 -1.001225513180522067e-02 -1.174178270971353542e-03 2.613074150554729747e-02 3.064459352690394097e-03 -4.978580986718053429e-03 -5.838586350347492113e-04 8.119357812959526743e-03 9.521904298996476754e-04
2.015629458388006057e-02 -4.841818140508676038e-02 -5.260542370798221290e-02 1.263654357394408123e-01 1.002269155719169060e-02 -2.407587842913550685e-02 -1.634558506105836598e-02 3.926433498801604194e-02 -1.078388325593972012e-02 2.590436518798171217e-02 2.814459500655506347e-02 -6.760717357692845597e-02 -5.362272078990517644e-03 1.288091227202216651e-02 8.745103437288332879e-03 -2.100693671005903970e-02
4.030420797090346688e-03 2.371843588110671055e-03 2.854171642714073073e-02 1.679638194360708048e-02 4.043502211452928118e-03 2.379541808803087646e-03 5.916221826590205290e-02 3.481609864500664897e-02 -2.156328246109961728e-03 -1.268967579784745356e-03 -1.527019445928207327e-02 -8.986285710811699537e-03 -2.163326975202830953e-03 -1.273086229315293196e-03 -3.165256651151297090e-02 -1.862707164020613315e-02
3.221634518910339632e-04 7.316761885400227929e-04 2.281423789223407852e-03 5.181417857132093394e-03 3.232090880215612058e-04 7.340509677215007866e-04 4.729011043172854159e-03 1.074021511540890206e-02 -1.723616927737265129e-04 -3.914564041288024583e-04 -1.220591795675814335e-03 -2.772126843008156528e-03 -1.729211218847108542e-04 -3.927269422897289178e-04 -2.530083234961775108e-03 -5.746156639369442466e-03
4.186329719259871741e-04 -7.551535295432221066e-03 2.964579673762251458e-03 -5.347674345749943436e-02 4.199917162475617872e-04 -7.576045084173020118e-03 6.145079262261784678e-03 -1.108483708980348981e-01 -2.239741574300757783e-04 4.040170909894154859e-03 -1.586089197681782130e-03 2.861076255626447337e-02 -2.247011035499369921e-04 4.053283969901717507e-03 -3.287698395503942019e-03 5.930533937678767603e-02
2.836659050239757288e-03 3.326666545247357505e-04 2.008800626249116275e-02 2.355802978454550178e-03 2.845865908359470481e-03 3.337463805810307192e-04 4.163908691553652730e-02 4.883186698269379247e-03 -1.517649978144039111e-03 -1.779810446116333596e-04 -1.074734810397826035e-02 -1.260385642208577484e-03 -1.522575768581552972e-03 -1.785587122821978437e-04 -2.227746028975902820e-02 -2.612569242424606347e-03
3.055275722800617193e-03 -7.339190919913681464e-03 2.163615604352189803e-02 -5.197301140169926364e-02 3.065192138414278306e-03 -7.363011508964530279e-03 4.484814322746010634e-02 -1.077313851229927955e-01 -1.634612779262442465e-03 3.926563870360277007e-03 -1.157562864095234949e-02 2.780624608770025652e-02 -1.639918192310960750e-03 3.939308199450282551e-03 -2.399434771098160266e-02 5.763771090625713356e-02
-6.779181841669157382e-02 -3.989449189872976836e-02 -8.105432349273878137e-03 -4.769928182280346735e-03 -2.192153169995482431e-02 -1.290050022609020262e-02 1.172830837830452291e-02 6.901937645455901750e-03 3.626951632757582922e-02 2.134407896255892390e-02 4.336513133886773369e-03 2.551974443659187335e-03 1.172830837830452291e-02 6.901937645455901750e-03 -6.274799557774127408e-03 -3.692627605666015146e-03
-5.418800500150842275e-03 -1.230681901729238463e-02 -6.478911746873835305e-04 -1.471447311920163602e-03 -1.752252848708656021e-03 -3.979600038973967087e-03 9.374783681954144228e-04 2.129138470716239896e-03 2.899129685651063992e-03 6.584310374219205439e-03 3.466303174577558903e-04 7.872437050857395476e-04 9.374783681954144228e-04 2.129138470716239896e-03 -5.015632826518317449e-04 -1.139117143202325252e-03
-7.041421192679076652e-03 1.270170871202218332e-01 -8.418975099501247502e-04 1.518661736622329596e-02 -2.276952315090019670e-03 4.107293721828082084e-02 1.218199498081841935e-03 -2.197456274005394131e-02 3.767253141779287450e-03 -6.795581565420463765e-02 4.504262637652328271e-04 -8.125040445725272703e-03 1.218199498081841935e-03 -2.197456274005394131e-02 -6.517527869564457722e-04 1.175668068368982203e-02
-4.771270418779742506e-02 -5.595464734875826504e-03 -5.704701614846903815e-03 -6.690137826442610174e-04 -1.542863994168712678e-02 -1.809379958029837168e-03 8.254525713379135682e-03 9.680421245994118556e-04 2.552692557876615198e-02 2.993647379607461238e-03 3.052090550099387841e-03 3.579311911039527298e-04 8.254525713379135682e-03 9.680421245994118556e-04 -4.416280048686293570e-03 -5.179152951485771050e-04
-5.138984424716946942e-02 1.234454473159237731e-01 -6.144353636081173811e-03 1.475957933293484646e-02 -1.661769998254968017e-02 3.991799231461288372e-02 8.890688506674467029e-03 -2.135665199478440496e-02 2.749424397406885143e-02 -6.604494128582640011e-02 3.287310175933792159e-03 -7.896569469690238943e-03 8.890688506674467029e-03 -2.135665199478440496e-02 -4.756635527522957985e-03 1.142609029110315880e-02
6.186250994404265263e-02 3.640518073476016470e-02 2.232568149633439719e-02 1.313833645993237216e-02 7.773247514064364483e-03 4.574442273705221426e-03 6.044021138824805239e-02 3.556817887322355487e-02 -3.309725814830527524e-02 -1.947725150182174139e-02 -1.194453384593360812e-02 -7.029183165167520765e-03 -4.158789868959009324e-03 -2.447386906129278561e-03 -3.233630967551172353e-02 -1.902944447448083262e-02
4.944853341518088037e-03 1.123042177681621290e-02 1.784557736966650666e-03 4.052968750952555023e-03 6.213386585694114948e-04 1.411143004664614301e-03 4.831164812348822529e-03 1.097221995654448085e-02 -2.645561709309446514e-03 -6.008423663990531544e-03 -9.547619091816132849e-04 -2.168391698601116607e-03 -3.324243713809076355e-04 -7.549801059123947789e-04 -2.584736847825166214e-03 -5.870282287127131203e-03
6.425553978723920999e-03 -1.159077304393913849e-01 2.318930668934314054e-03 -4.183016620395034468e-02 8.073940345579533025e-04 -1.456422441174496339e-02 6.277822240189774930e-03 -1.132428628522453851e-01 -3.437756065378908595e-03 6.201216341216601868e-02 -1.240658470649916778e-03 2.237969022742477762e-02 -4.319664496855687204e-04 7.792052012137807085e-03 -3.358717638205725459e-03 6.058642413093408979e-02
4.353958495599285355e-02 5.106065907173947850e-03 1.571308547114159612e-02 1.842738053240517478e-03 5.470905898074666582e-03 6.415955989417610004e-04 4.253855397844570618e-02 4.988670894069327857e-03 -2.329425178936401011e-02 -2.731812556665769165e-03 -8.406707820539054479e-03 -9.858891451862308690e-04 -2.927006760272912993e-03 -3.432621014601580861e-04 -2.275868702310578778e-02 -2.669004677425792539e-03
4.689510954290276867e-02 -1.126484786879215494e-01 1.692406726363971867e-02 -4.065392850222267901e-02 5.892539665879640079e-03 -1.415468767297152139e-02 4.581693074548520012e-02 -1.100585454845126460e-01 -2.508950166810963722e-02 6.026842076922623442e-02 -9.054599039881143507e-03 2.175038755456097303e-02 -3.152586383047783786e-03 7.572944459329808420e-03 -2.451266180143696696e-02 5.888277237090504268e-02
4.370408987424621340e-03 2.571921656847280142e-03 -4.834462638994365541e-02 -2.845010431798430245e-02 2.825977174922030336e-02 1.663046163151206056e-02 -8.155516928300252100e-02 -4.799402223232270698e-02 -2.338226408875215909e-03 -1.376011983524261066e-03 2.586501228544840422e-02 1.522118077346486763e-02 -1.511935034065329218e-02 -8.897516157063821429e-03 4.363309043764735523e-02 2.567743444026969815e-02
3.493397132579238577e-04 7.933971044880520473e-04 -3.864328937913997109e-03 -8.776406671710725721e-03 2.258887117433027066e-03 5.130234068216333633e-03 -6.518945831844056259e-03 -1.480539586829300765e-02 -1.869013507795101259e-04 -4.244779076230765580e-04 2.067466912412637206e-03 4.695493239619051400e-03 -1.208534379241780815e-03 -2.744742841352135632e-03 3.487721937673157920e-03 7.921081919954246417e-03
4.539469685791722099e-04 -8.188548884979222203e-03 -5.021474342551123481e-03 9.058015798045215838e-02 2.935294558291987911e-03 -5.294848219301498404e-02 -8.470997102217712668e-03 1.528045755942286921e-01 -2.428676110667949740e-04 4.380981575938686437e-03 2.686554954702590706e-03 -4.846157833726890546e-02 -1.570421274936665895e-03 2.832813581744952555e-02 4.532095094739117466e-03 -8.175246185871000437e-02
3.075946863011715018e-03 3.607289188764068680e-04 -3.402553452445858384e-02 -3.990314147098794097e-03 1.988957017788498677e-02 2.332531564007563844e-03 -5.739951749144339699e-02 -6.731477106351080320e-03 -1.645672111714445137e-03 -1.929947258915130383e-04 1.820410941632878005e-02 2.134870659771566023e-03 -1.064118218338935482e-02 -1.247935128769584769e-03 3.070949836534095020e-02 3.601428970629144168e-03
3.313005055856145607e-03 -7.958292091975061738e-03 -3.664782680847949309e-02 8.803310147760244619e-02 2.142242681449325892e-02 -5.145960450840280503e-02 -6.182320440563832814e-02 1.485078079951208940e-01 -1.772501369237941982e-03 4.257791156970025005e-03 1.960707034925980585e-02 -4.709886953884818289e-02 -1.146128068653863748e-02 2.753156663324677830e-02 3.307622916722444129e-02 -7.945363456315442108e-02
-7.503559309890830975e-02 -4.415734716836752782e-02 1.958335720745340847e-01 1.152451879459128053e-01 -3.731135215907967206e-02 -2.195718408513080630e-02 6.084951102997176314e-02 3.580904571559873073e-02 -2.707974108923295181e-02 -1.593603087711402064e-02 7.067475859580003850e-02 4.159105995526160560e-02 -1.346536642717322332e-02 -7.924170857025175999e-03 2.196009834860669294e-02 1.292319613376959053e-02
-5.997816829668731718e-03 -1.362184236521509287e-02 1.565355647758415875e-02 3.555131556166913481e-02 -2.982406704274864068e-03 -6.773443595948676343e-03 4.863881342972787777e-03 1.104652356326549581e-02 -2.164563777539279914e-03 -4.916013176868407400e-03 5.649242433253074541e-03 1.283018339739924393e-02 -1.076326554360651847e-03 -2.444481229315182379e-03 1.755335594973394565e-03 3.986601367100979162e-03
-7.793819782267497748e-03 1.405892729883595482e-01 2.034090096488912550e-02 -3.669205291464914809e-01 -3.875466862469767199e-03 6.990783517021323390e-02 6.320335499734966792e-03 -1.140097407656175399e-01 -2.812726775168469112e-03 5.073753608410751237e-02 7.340867299134338879e-03 -1.324186631871362430e-01 -1.398624771276848165e-03 2.522917456016870660e-02 2.280958167470002306e-03 -4.114519702021796760e-02
-5.281096068375484148e-02 -6.193358208282793292e-03 1.378300436934636330e-01 1.616389517260711367e-02 -2.626018227554405629e-02 -3.079639403289104269e-03 4.282662403152642794e-02 5.022454052048439324e-03 -1.905905028437162446e-02 -2.235133085869002272e-03 4.974175245895354897e-02 5.833419557179076592e-03 -9.477088240515865736e-03 -1.111417052162704238e-03 1.545578361686236225e-02 1.812563208273213671e-03
-5.688101503112134860e-02 1.366359919389580624e-01 1.484523796871517476e-01 -3.566029569471438898e-01 -2.828401156494557422e-02 6.794207125303322603e-02 4.612720188630806822e-02 -1.108038592781073889e-01 -2.052790011141984380e-02 4.931082879961053850e-02 5.357526794929888536e-02 -1.286951344950992004e-01 -1.020747192780888796e-02 2.451974619795635468e-02 1.664693557636680657e-02 -3.998822021682141292e-02
-1.137383783447904438e-02 -6.693336923875286421e-03 -8.054465538544816616e-02 -4.739934960897248389e-02 -1.141075355447359989e-02 -6.715061284228128480e-03 -1.669556382227401770e-01 -9.825094697392573739e-02 -4.104726450854102697e-03 -2.415571376674874923e-03 -2.906791728939052410e-02 -1.710604344150488954e-02 -4.118049036820172273e-03 -2.423411523322462503e-03 -6.025294489909518297e-02 -3.545797528805798293e-02
-9.091444894909997843e-04 -2.064788451322937049e-03 -6.438172468016886349e-03 -1.462194878069286025e-02 -9.120952721465167218e-04 -2.071490072484262566e-03 -1.334525783544455134e-02 -3.030886132740029382e-02 -3.281029225112812157e-04 -7.451655188779589354e-04 -2.323484580070064257e-03 -5.276943525711252393e-03 -3.291678362011973163e-04 -7.475840799691948167e-04 -4.816196048141234073e-03 -1.093822389560623713e-02
-1.181381243936019398e-03 2.131041451393780178e-02 -8.366036737679327651e-03 1.509112419330349286e-01 -1.185215617156618441e-03 2.137958107905090985e-02 -1.734139895750913193e-02 3.128138371359672765e-01 -4.263509741476116254e-04 7.690756928928221652e-03 -3.019235264799464361e-03 5.446265152611470817e-02 -4.277347685545732081e-04 7.715718585096191864e-03 -6.258371187596753656e-03 1.128919939048862175e-01
-8.005045044533873680e-03 -9.387845021627880390e-04 -5.668830555174717706e-02 -6.648070361851140045e-03 -8.031026776092591371e-03 -9.418314865071588477e-04 -1.175054035288301962e-01 -1.378034116479775160e-02 -2.888956270764499613e-03 -3.387997643150849974e-04 -2.045835281271302097e-02 -2.399235039091752401e-03 -2.898332868384413414e-03 -3.398993964195417303e-04 -4.240675355164024579e-02 -4.973214116827593713e-03
-8.621980770802379831e-03 2.071117919489737919e-02 -6.105718052520893446e-02 1.466677136737707388e-01 -8.649964871909266578e-03 2.077840084013643507e-02 -1.265613527537547689e-01 3.040177107455663830e-01 -3.111603404559089465e-03 7.474497729514035203e-03 -2.203504459652588440e-02 5.293119636170701831e-02 -3.121702641218557488e-03 7.498757479767044661e-03 -4.567497267539586542e-02 1.097175427490694605e-01
1.913083491759820509e-01 1.125821605705948775e-01 2.287351067301349183e-02 1.346072590398851229e-02 6.186250994404265263e-02 3.640518073476016470e-02 -3.309725814830527524e-02 -1.947725150182174139e-02 6.904164210530559787e-02 4.062999482791474631e-02 8.254865740989575373e-03 4.857867543908884166e-03 2.232568149633439719e-02 1.313833645993237216e-02 -1.194453384593360812e-02 -7.029183165167520765e-03
1.529184203063947527e-02 3.472981378570150213e-02 1.828347342938556590e-03 4.152420789373196565e-03 4.944853341518088037e-03 1.123042177681621290e-02 -2.645561709309446514e-03 -6.008423663990531544e-03 5.518702603194216259e-03 1.253371002417988378e-02 6.598358275478662799e-04 1.498575212453547847e-03 1.784557736966650666e-03 4.052968750952555023e-03 -9.547619091816132849e-04 -2.168391698601116607e-03
1.987087373795143330e-02 -3.584419155826710779e-01 2.375832756306060344e-03 -4.285659782780121968e-02 6.425553978723920999e-03 -1.159077304393913849e-01 -3.437756065378908595e-03 6.201216341216601868e-02 7.171238259305398252e-03 -1.293587998526614935e-01 8.574189028836082466e-04 -1.546660091847965046e-02 2.318930668934314054e-03 -4.183016620395034468e-02 -1.240658470649916778e-03 2.237969022742477762e-02
1.346451369217446792e-01 1.579038807783259002e-02 1.609865429143302051e-02 1.887955291993464102e-03 4.353958495599285355e-02 5.106065907173947850e-03 -2.329425178936401011e-02 -2.731812556665769165e-03 4.859234526152115402e-02 5.698623855515822130e-03 5.809874648720779813e-03 6.813478561812557829e-04 1.571308547114159612e-02 1.842738053240517478e-03 -8.406707820539054479e-03 -9.858891451862308690e-04
1.450220173606699414e-01 -3.483627566108378204e-01 1.733935124216568965e-02 -4.165149752083473211e-02 4.689510954290276867e-02 -1.126484786879215494e-01 -2.508950166810963722e-02 6.026842076922623442e-02 5.233727781945558127e-02 -1.257213125738618764e-01 6.257632183624975419e-03 -1.503168992555671372e-02 1.692406726363971867e-02 -4.065392850222267901e-02 -9.054599039881143507e-03 2.175038755456097303e-02
-1.745758548698795043e-01 -1.027353328245494829e-01 -6.300301970128126261e-02 -3.707635401692389171e-02 -2.193608586380406053e-02 -1.290906513827779455e-02 -1.705621317525563285e-01 -1.003733155763387730e-01 -6.300301970128126261e-02 -3.707635401692389171e-02 -2.273728228017913439e-02 -1.338055749073100223e-02 -7.916556678908151859e-03 -4.658777617547636522e-03 -6.155449936137125794e-02 -3.622392101961906252e-02
-1.395436428432259707e-02 -3.169222335159718046e-02 -5.036017658795493256e-03 -1.143746810626436634e-02 -1.753416206060434820e-03 -3.982242178757556053e-03 -1.363353552734884212e-02 -3.096357843331517395e-02 -5.036017658795493256e-03 -1.143746810626436634e-02 -1.817458204684613103e-03 -4.127690103358491736e-03 -6.327937838672529920e-04 -1.437159122780979313e-03 -4.920233144886505122e-03 -1.117450602496179203e-02
-1.813289793548552783e-02 3.270913376419331553e-01 -6.544016792712988723e-03 1.180446288230018043e-01 -2.278464031402743263e-03 4.110020640121138380e-02 -1.771599932323490029e-02 3.195710876947218670e-01 -6.544016792712988723e-03 1.180446288230018043e-01 -2.361682944208494308e-03 4.260135561649878305e-02 -8.222793144339645213e-04 1.483273340149066089e-02 -6.393561441939307928e-03 1.153306311975234311e-01
-1.228686044463375010e-01 -1.440930575841725854e-02 -4.434228955872149269e-02 -5.200202371948864193e-03 -1.543888333876154879e-02 -1.810581243265519183e-03 -1.200436974256783168e-01 -1.407801731265684829e-02 -4.434228955872149269e-02 -5.200202371948864193e-03 -1.600277509596237033e-02 -1.876711145047764255e-03 -5.571768626782771898e-03 -6.534241852932739939e-04 -4.332280337141607846e-02 -5.080643040616322076e-03
-1.323378867924074054e-01 3.178937370068526946e-01 -4.775967727623323111e-02 1.147252888464145165e-01 -1.662873282147963455e-02 3.994449470544173680e-02 -1.292952688088822022e-01 3.105849517110414459e-01 -4.775967727623323111e-02 1.147252888464145165e-01 -1.723608279394722026e-02 4.140343255837568293e-02 -6.001175720089698892e-03 1.441564636049150368e-02 -4.666162095623187928e-02 1.120876071101420818e-01
-1.233328369315754569e-02 -7.257956754561151712e-03 1.364284198624259314e-01 8.028612623286637828e-02 -7.974900817975777434e-02 -4.693112288570396029e-02 2.301484923504785451e-01 1.354390157694950747e-01 -4.450982732295138619e-03 -2.619338125192016177e-03 4.923591770931722011e-02 2.897461620084304523e-02 -2.878077462230895986e-02 -1.693706418894593349e-02 8.305873689454378039e-02 4.887884974246744368e-02
-9.858358339673799729e-04 -2.238964728275256045e-03 1.090512700575795371e-02 2.476699860360514344e-02 -6.374574034211233711e-03 -1.447750825098381884e-02 1.839644952126951241e-02 4.178079167386153370e-02 -3.557802109344971762e-04 -8.080243341276509630e-04 3.935572488537097090e-03 8.938210281871939236e-03 -2.300532417636062983e-03 -5.224816102101010988e-03 6.639130436944194399e-03 1.507835114383618107e-02
-1.281037257896305284e-03 2.310806533766755072e-02 1.417058856569151579e-02 -2.556169888352383679e-01 -8.283394211975004737e-03 1.494204899101145012e-01 2.390513353010728301e-02 -4.312141462821537097e-01 -4.623160267923250282e-04 8.339514629973917778e-03 5.114051260115303095e-03 -9.225011211070595352e-02 -2.989410243011692437e-03 5.392465113001305294e-02 8.627170119726352074e-03 -1.556217116847876114e-01
-8.680314678960191627e-03 -1.017976144939792887e-03 9.601997691954269887e-02 1.126065696427873061e-02 -5.612831939634399525e-02 -6.582398486028630258e-03 1.619813008597836557e-01 1.899621226880771757e-02 -3.132655642095939601e-03 -3.673793902534787099e-04 3.465283616733576960e-02 4.063880386543814935e-03 -2.025625832027815390e-02 -2.375534588136781790e-03 5.845774661630424168e-02 6.855579981054454354e-03
-9.349292331292103492e-03 2.245828121939206709e-02 1.034200794633245435e-01 -2.484292014856936404e-01 -6.045403715288043267e-02 1.452188806507590524e-01 1.744649347346592660e-01 -4.190886784104176366e-01 -3.374084287775487752e-03 8.105012776119021461e-03 3.732347356278140071e-02 -8.965609755852449458e-02 -2.181737501216192421e-02 5.240832419498780287e-02 6.296298951801361510e-02 -1.512457280083528421e-01
-9.428492928108277854e-03 -5.548529948343042945e-03 2.460719470767788394e-02 1.448097355763230606e-02 -4.688305981753590999e-03 -2.758999380399905412e-03 7.645960546599351107e-03 4.499535758273906158e-03 -7.331042844273279180e-02 -4.314211304414430903e-02 1.913311067366476603e-01 1.125955530616183364e-01 -3.645351625267036905e-02 -2.145236022263563233e-02 5.945050262024151322e-02 3.498574976378965307e-02
-7.536473189207484012e-04 -1.711633627509833323e-03 1.966925834171797186e-03 4.467151034793646197e-03 -3.747501600064967963e-04 -8.511076198086525713e-04 6.111642348842036450e-04 1.388035530806585888e-03 -5.859919317549117102e-03 -1.330865871423112662e-02 1.529366110975546866e-02 3.473394515711073632e-02 -2.913837343734542850e-03 -6.617713428307754608e-03 4.752054464045242684e-03 1.079254979911018972e-02
-9.793215681416214333e-04 1.766554925995404354e-02 2.555907576368557105e-03 -4.610488797863283861e-02 -4.869663901736494380e-04 8.784171648418732242e-03 7.941729531473488068e-04 -1.432573516313982893e-02 -7.614629855598349477e-03 1.373569450386460944e-01 1.987323752717714068e-02 -3.584845549325693659e-01 -3.786364901904208831e-03 6.830056425457693703e-02 6.175022869168542324e-03 -1.113885103987259789e-01
-6.635887700348318437e-03 -7.782177984661687187e-04 1.731884214644241471e-02 2.031051732005660811e-03 -3.299686624045672367e-03 -3.869677993583737065e-04 5.381319786247864417e-03 6.310894677552224014e-04 -5.159676887067494305e-02 -6.050964948728222541e-03 1.346611539690143189e-01 1.579226646273404477e-02 -2.565642695816049840e-02 -3.008834538119096319e-03 4.184198494131336626e-02 4.906981382878779392e-03
-7.147304709881088965e-03 1.716880523651473367e-02 1.865357697907660608e-02 -4.480844781604803595e-02 -3.553988074261013683e-03 8.537166321666251473e-03 5.796049298966705725e-03 -1.392290459054077757e-02 -5.557324744128262078e-02 1.334945549979071888e-01 1.450392688155706100e-01 -3.484041969693028595e-01 -2.763372581292406968e-02 6.637999577455211409e-02 4.506667827216621902e-02 -1.082563362440392002e-01
-1.429163749615197610e-03 -8.410419275158941129e-04 -1.012072647573522208e-02 -5.955899248987624531e-03 -1.433802342988423984e-03 -8.437716717545309031e-04 -2.097857815578207247e-02 -1.234558588085682591e-02 -1.111233869484739428e-02 -6.539448511509126510e-03 -7.869283031182409960e-02 -4.630957768482285575e-02 -1.114840567502712806e-02 -6.560673400916101905e-03 -1.631171136730450166e-01 -9.599203151587418215e-02
-1.142372844110858934e-04 -2.594481166514720784e-04 -8.089795932528157226e-04 -1.837300606023061639e-03 -1.146080608952972389e-04 -2.602901995233050398e-04 -1.676879783696961102e-03 -3.808417750596360379e-03 -8.882420900315966773e-04 -2.017316312947135554e-03 -6.290150614207529016e-03 -1.428577139874547854e-02 -8.911250304040702020e-04 -2.023863855230836114e-03 -1.303843321802717822e-02 -2.961202167875471788e-02
-1.484448145717739010e-04 2.677730450865748509e-03 -1.051222692589754521e-03 1.896254188944844488e-02 -1.489266173976207025e-04 2.686421479257712543e-03 -2.179009329863722255e-03 3.930618696334117063e-02 -1.154219771848758250e-03 2.082046071455308928e-02 -8.173690808287050955e-03 1.474415986604183382e-01 -1.157965987904396258e-03 2.088803705150121814e-02 -1.694269792331195082e-02 3.056218452624804849e-01
-1.005862784240109430e-03 -1.179616589155510595e-04 -7.123090068689890905e-03 -8.353540207199570663e-04 -1.009127482527207281e-03 -1.183445234889687436e-04 -1.476497779827909418e-02 -1.731549573386464156e-03 -7.820998777801242696e-03 -9.172006407443577050e-04 -5.538496860034277519e-02 -6.495222685883341590e-03 -7.846383155982180474e-03 -9.201775710053030407e-04 -1.148038033854106993e-01 -1.346351342284583981e-02
-1.083382983548090766e-03 2.602434371571780113e-03 -7.672054967744880959e-03 1.842932725716106210e-02 -1.086899286791512091e-03 2.610881013766195875e-03 -1.590289048342252709e-02 3.820092195454299205e-02 -8.423750359370747384e-03 2.023500258511624558e-02 -5.965339752706601273e-02 1.432956345659461006e-01 -8.451091070052228760e-03 2.030067871839615068e-02 -1.236515447067825235e-01 2.970279531149671026e-01
2.403858412788448598e-02 1.414635456231834627e-02 2.874139121379913012e-03 1.691388763005674100e-03 7.773247514064364483e-03 4.574442273705221426e-03 -4.158789868959009324e-03 -2.447386906129278561e-03 1.869099245244350560e-01 1.099937521058779871e-01 2.234761928539267389e-02 1.315124652737564154e-02 6.044021138824805239e-02 3.556817887322355487e-02 -3.233630967551172353e-02 -1.902944447448083262e-02
1.921475109200288097e-03 4.363926373466195212e-03 2.297384385340794672e-04 5.217666500686937584e-04 6.213386585694114948e-04 1.411143004664614301e-03 -3.324243713809076355e-04 -7.549801059123947789e-04 1.494026294250853579e-02 3.393133076205600424e-02 1.786311289314081435e-03 4.056951302326531478e-03 4.831164812348822529e-03 1.097221995654448085e-02 -2.584736847825166214e-03 -5.870282287127131203e-03
2.496846959904064269e-03 -4.503951960177107749e-02 2.985319555170623832e-04 -5.385086101866012886e-03 8.073940345579533025e-04 -1.456422441174496339e-02 -4.319664496855687204e-04 7.792052012137807085e-03 1.941401682985912161e-02 -3.502008755839605691e-01 2.321209309873637893e-03 -4.187126960151540955e-02 6.277822240189774930e-03 -1.132428628522453851e-01 -3.358717638205725459e-03 6.058642413093408979e-02
1.691864712253884559e-02 1.984119218297961205e-03 2.022853979960672743e-03 2.372283923401674068e-04 5.470905898074666582e-03 6.415955989417610004e-04 -2.927006760272912993e-03 -3.432621014601580861e-04 1.315494722944641481e-01 1.542734677577658857e-02 1.572852555320928755e-02 1.844548775063646834e-03 4.253855397844570618e-02 4.988670894069327857e-03 -2.275868702310578778e-02 -2.669004677425792539e-03
1.822253957935285329e-02 -4.377303692118583028e-02 2.178752027044659426e-03 -5.233660901469216337e-03 5.892539665879640079e-03 -1.415468767297152139e-02 -3.152586383047783786e-03 7.572944459329808420e-03 1.416877749247087148e-01 -3.403534494219054851e-01 1.694069728757420859e-02 -4.069387609835847797e-02 4.581693074548520012e-02 -1.100585454845126460e-01 -2.451266180143696696e-02 5.888277237090504268e-02
-2.193608586380406053e-02 -1.290906513827779455e-02 -7.916556678908151859e-03 -4.658777617547636522e-03 -2.756348312788396791e-03 -1.622070597940167627e-03 -2.143174707651436875e-02 -1.261226915118579192e-02 -1.705621317525563285e-01 -1.003733155763387730e-01 -6.155449936137125794e-02 -3.622392101961906252e-02 -2.143174707651436875e-02 -1.261226915118579192e-02 -1.666406892846651611e-01 -9.806560413828566136e-02
-1.753416206060434820e-03 -3.982242178757556053e-03 -6.327937838672529920e-04 -1.437159122780979313e-03 -2.203230709068891905e-04 -5.003830938064030443e-04 -1.713102915509462712e-03 -3.890685316535275051e-03 -1.363353552734884212e-02 -3.096357843331517395e-02 -4.920233144886505122e-03 -1.117450602496179203e-02 -1.713102915509462712e-03 -3.890685316535275051e-03 -1.332008303554948515e-02 -3.025168599752858095e-02
-2.278464031402743263e-03 4.110020640121138380e-02 -8.222793144339645213e-04 1.483273340149066089e-02 -2.862972240215743217e-04 5.164389183767910743e-03 -2.226079217009900666e-03 4.015525986961770294e-02 -1.771599932323490029e-02 3.195710876947218670e-01 -6.393561441939307928e-03 1.153306311975234311e-01 -2.226079217009900666e-03 4.015525986961770294e-02 -1.730868574551735692e-02 3.122237379523164491e-01
-1.543888333876154879e-02 -1.810581243265519183e-03 -5.571768626782771898e-03 -6.534241852932739939e-04 -1.939951379947442954e-03 -2.275060640274036725e-04 -1.508392358210659812e-02 -1.768953655090149202e-03 -1.200436974256783168e-01 -1.407801731265684829e-02 -4.332280337141607846e-02 -5.080643040616322076e-03 -1.508392358210659812e-02 -1.768953655090149202e-03 -1.172837386455508057e-01 -1.375434561374978826e-02
-1.662873282147963455e-02 3.994449470544173680e-02 -6.001175720089698892e-03 1.441564636049150368e-02 -2.089460259267328975e-03 5.019169840513934035e-03 -1.624641689705176584e-02 3.902611947005467374e-02 -1.292952688088822022e-01 3.105849517110414459e-01 -4.666162095623187928e-02 1.120876071101420818e-01 -1.624641689705176584e-02 3.902611947005467374e-02 -1.263226045205387560e-01 3.034442047761090056e-01
-1.549721582502969468e-03 -9.119884458391939834e-04 1.714272305638088467e-02 1.008824135519230565e-02 -1.002075053442117933e-02 -5.897064872303623903e-03 2.891898821511201118e-02 1.701840086329921981e-02 -1.204972566098506774e-02 -7.091087007126565221e-03 1.332917552700065844e-01 7.844024507649817457e-02 -7.791547605727000558e-02 -4.585211609528219712e-02 2.248570829235981283e-01 1.323250988478984480e-01
-1.238738284721095032e-04 -2.813339941086472735e-04 1.370268543334901383e-03 3.112062709716305331e-03 -8.009882206440201808e-04 -1.819151132464576388e-03 2.311580238793555821e-03 5.249907178164226265e-03 -9.631702020010941920e-04 -2.187488053591648066e-03 1.065440413006028125e-02 2.419757349658736845e-02 -6.228014390076757820e-03 -1.414465174232446172e-02 1.797349151957320854e-02 4.082019761275020031e-02
-1.609669521875780425e-04 2.903611761038141312e-03 1.780585566940742076e-03 -3.211919666391551548e-02 -1.040838361141382951e-03 1.877522352058926675e-02 3.003766254462774798e-03 -5.418361288038765766e-02 -1.251584566056399483e-03 2.257678123705958786e-02 1.384478853478469593e-02 -2.497400259640942255e-01 -8.092948340389349501e-03 1.459851209411296979e-01 2.335552380805262784e-02 -4.212999792357458029e-01
-1.090712849519961513e-03 -1.279123744766856000e-04 1.206525644635972165e-02 1.414942165028344702e-03 -7.052725788379642091e-03 -8.271021126427869404e-04 2.035353472356933591e-02 2.386942591380718237e-03 -8.480743096059735475e-03 -9.945715659453277947e-04 9.381235432835412225e-02 1.100175999821512672e-02 -5.483785724586207749e-02 -6.431060690830673644e-03 1.582571427147779763e-01 1.855946495124928194e-02
-1.174772304554317671e-03 2.821964042789525118e-03 1.299510602333785354e-02 -3.121602525691940383e-02 -7.596267827458821377e-03 1.824727616184328161e-02 2.192214834872198426e-02 -5.266000410544308119e-02 -9.134340092973185915e-03 2.194193649020368536e-02 1.010423190104443869e-01 -2.427174950772417461e-01 -5.906412119550542156e-02 1.418801120749202671e-01 1.704537618137034194e-01 -4.094532914435426441e-01
-5.301049549280144324e-03 -3.119589992388387481e-03 1.383508047455858994e-02 8.141742157113366143e-03 -2.635940070270461136e-03 -1.551212111357820047e-03 4.298843518090910559e-03 2.529806426672844086e-03 5.863919387680600892e-02 3.450830645502029476e-02 -1.530410079564379633e-01 -9.006239092988055361e-02 2.915826373462608589e-02 1.715921100083151254e-02 -4.755298288762740272e-02 -2.798423371549192684e-02
-4.237285651846586830e-04 -9.623441136169180255e-04 1.105878891378231236e-03 2.511598530128020344e-03 -2.106984840464514071e-04 -4.785243727473197464e-04 3.436192736816406955e-04 7.804052228783278471e-04 4.687204157217912670e-03 1.064526609871974117e-02 -1.223302029399091391e-02 -2.778282145445661738e-02 2.330706238583782168e-03 5.293344875849634312e-03 -3.801050531957618842e-03 -8.632692967951705737e-03
-5.506110252170565286e-04 9.932229111938738544e-03 1.437026342281904744e-03 -2.592188353985222862e-02 -2.737906241037547255e-04 4.938788151267390486e-03 4.465135846664854179e-04 -8.054461355459266794e-03 6.090753606103221397e-03 -1.098684143789830925e-01 -1.589610991328856832e-02 2.867429063649847842e-01 3.028619396823399850e-03 -5.463192773928473439e-02 -4.939247674725321530e-03 8.909690743414282188e-02
-3.730942980095442851e-03 -4.375430030288605097e-04 9.737297472086325553e-03 1.141932857203031663e-03 -1.855206598184569889e-03 -2.175676954966135606e-04 3.025578217530160239e-03 3.548219810003604363e-04 4.127097600565423491e-02 4.840016820354637456e-03 -1.077121179482919827e-01 -1.263184235222187222e-02 2.052193973686730621e-02 2.406692138783778079e-03 -3.346836622405926359e-02 -3.924972732703077560e-03
-4.018480652186780765e-03 9.652941138596759021e-03 1.048773505918473327e-02 -2.519297664116320126e-02 -1.998184335806503335e-03 4.799912565737969421e-03 3.258754581264517412e-03 -7.827975018608303304e-03 4.445166261193941176e-02 -1.067789843587554077e-01 -1.160133146741897381e-01 2.786798779867324938e-01 2.210353206090400272e-02 -5.309571263529264118e-02 -3.604771845863031371e-02 8.659155899444473392e-02
-8.035290378337504391e-04 -4.728650660056615959e-04 -5.690249007096428134e-03 -3.348628171028226932e-03 -8.061370276257488667e-04 -4.743998297877647275e-04 -1.179493723177237226e-02 -6.941147749521208062e-03 8.888484176039270282e-03 5.230742709590411633e-03 6.294444366771505261e-02 3.704188287938627033e-02 8.917333259153857605e-03 5.247719972326253014e-03 1.304733345102536690e-01 7.678164575296253513e-02
-6.422845195471519827e-05 -1.458713849948038862e-04 -4.548384286745284894e-04 -1.032998764883714341e-03 -6.443691629037299443e-05 -1.463448353184371620e-04 -9.428042094684251301e-04 -2.141234166924273988e-03 7.104828226121955026e-04 1.613601296548920934e-03 5.031335503228659758e-03 1.142683430618809080e-02 7.127888151296010852e-04 1.618838513266191098e-03 1.042911942492506100e-02 2.368592186937096972e-02
-8.346119824014781418e-05 1.505519695235494910e-03 -5.910365127530572147e-04 1.066144662808110252e-02 -8.373208571625579322e-05 1.510406114782213410e-03 -1.225120124077867887e-03 2.209940085596974815e-02 9.232317750093771468e-04 -1.665377025314776840e-02 6.537932599461216548e-03 -1.179348787479572863e-01 9.262282803396191090e-04 -1.670782288942285199e-02 1.355204395098216774e-02 -2.444593357046508098e-01
-5.655334844805930215e-04 -6.632243388149665526e-05 -4.004866279905722887e-03 -4.696671131634782637e-04 -5.673690193338633628e-04 -6.653769459069235287e-05 -8.301419908727947911e-03 -9.735415994418328365e-04 6.255822989767457522e-03 7.336460492595939242e-04 4.430106303570863213e-02 5.195367568313504977e-03 6.276127324433253968e-03 7.360272219581776324e-04 9.182871560722891124e-02 1.076913054030171485e-02
-6.091182249831380950e-04 1.463185437762181415e-03 -4.313514772607085143e-03 1.036165352140867510e-02 -6.110952215048305125e-04 1.467934454295263900e-03 -8.941196760945416266e-03 2.147797974218202885e-02 6.737949033796999075e-03 -1.618547681266382585e-02 4.771527349253352340e-02 -1.146186248737633001e-01 6.759818190319981900e-03 -1.623800952314290516e-02 9.890580449808207553e-02 -2.375852944734219430e-01
1.351538644914932787e-02 7.953606907098863255e-03 1.615947957975118459e-03 9.509616975008628988e-04 4.370408987424621340e-03 2.571921656847280142e-03 -2.338226408875215909e-03 -1.376011983524261066e-03 -1.495046139342813274e-01 -8.798127486067497394e-02 -1.787530652593114638e-02 -1.051935599370921841e-02 -4.834462638994365541e-02 -2.845010431798430245e-02 2.586501228544840422e-02 1.522118077346486763e-02
1.080324802621756512e-03 2.453561784639972723e-03 1.291674984888337803e-04 2.933566251007422611e-04 3.493397132579238577e-04 7.933971044880520473e-04 -1.869013507795101259e-04 -4.244779076230765580e-04 -1.195034586301157824e-02 -2.714083010179804342e-02 -1.428826106237267475e-03 -3.245054748953231285e-03 -3.864328937913997109e-03 -8.776406671710725721e-03 2.067466912412637206e-03 4.695493239619051400e-03
1.403820266117182828e-03 -2.532289379705423074e-02 1.678457734768605666e-04 -3.027695780311642510e-03 4.539469685791722099e-04 -8.188548884979222203e-03 -2.428676110667949740e-04 4.380981575938686437e-03 -1.552879066452290784e-02 2.801169966594397875e-01 -1.856677769338833679e-03 3.349179029760079862e-02 -5.021474342551123481e-03 9.058015798045215838e-02 2.686554954702590706e-03 -4.846157833726890546e-02
9.512292938778177040e-03 1.115545651683145720e-03 1.137323775972918930e-03 1.333786292125493282e-04 3.075946863011715018e-03 3.607289188764068680e-04 -1.645672111714445137e-03 -1.929947258915130383e-04 -1.052231609353154879e-01 -1.233995214331827170e-02 -1.258085757923795706e-02 -1.475408827008489786e-03 -3.402553452445858384e-02 -3.990314147098794097e-03 1.820410941632878005e-02 2.134870659771566023e-03
1.024538979457552228e-02 -2.461083010943426741e-02 1.224975458859001902e-03 -2.942558898263395156e-03 3.313005055856145607e-03 -7.958292091975061738e-03 -1.772501369237941982e-03 4.257791156970025005e-03 -1.133325378158645536e-01 2.722402846531069009e-01 -1.355044369206410450e-02 3.255002242954306568e-02 -3.664782680847949309e-02 8.803310147760244619e-02 1.960707034925980585e-02 -4.709886953884818289e-02
-1.233328369315754569e-02 -7.257956754561151712e-03 -4.450982732295138619e-03 -2.619338125192016177e-03 -1.549721582502969468e-03 -9.119884458391939834e-04 -1.204972566098506774e-02 -7.091087007126565221e-03 1.364284198624259314e-01 8.028612623286637828e-02 4.923591770931722011e-02 2.897461620084304523e-02 1.714272305638088467e-02 1.008824135519230565e-02 1.332917552700065844e-01 7.844024507649817457e-02
-9.858358339673799729e-04 -2.238964728275256045e-03 -3.557802109344971762e-04 -8.080243341276509630e-04 -1.238738284721095032e-04 -2.813339941086472735e-04 -9.631702020010941920e-04 -2.187488053591648066e-03 1.090512700575795371e-02 2.476699860360514344e-02 3.935572488537097090e-03 8.938210281871939236e-03 1.370268543334901383e-03 3.112062709716305331e-03 1.065440413006028125e-02 2.419757349658736845e-02
-1.281037257896305284e-03 2.310806533766755072e-02 -4.623160267923250282e-04 8.339514629973917778e-03 -1.609669521875780425e-04 2.903611761038141312e-03 -1.251584566056399483e-03 2.257678123705958786e-02 1.417058856569151579e-02 -2.556169888352383679e-01 5.114051260115303095e-03 -9.225011211070595352e-02 1.780585566940742076e-03 -3.211919666391551548e-02 1.384478853478469593e-02 -2.497400259640942255e-01
-8.680314678960191627e-03 -1.017976144939792887e-03 -3.132655642095939601e-03 -3.673793902534787099e-04 -1.090712849519961513e-03 -1.279123744766856000e-04 -8.480743096059735475e-03 -9.945715659453277947e-04 9.601997691954269887e-02 1.126065696427873061e-02 3.465283616733576960e-02 4.063880386543814935e-03 1.206525644635972165e-02 1.414942165028344702e-03 9.381235432835412225e-02 1.100175999821512672e-02
-9.349292331292103492e-03 2.245828121939206709e-02 -3.374084287775487752e-03 8.105012776119021461e-03 -1.174772304554317671e-03 2.821964042789525118e-03 -9.134340092973185915e-03 2.194193649020368536e-02 1.034200794633245435e-01 -2.484292014856936404e-01 3.732347356278140071e-02 -8.965609755852449458e-02 1.299510602333785354e-02 -3.121602525691940383e-02 1.010423190104443869e-01 -2.427174950772417461e-01
-8.713111373235505816e-04 -5.127538384583108259e-04 9.638276766432828102e-03 5.671984663587302002e-03 -5.634038812881645743e-03 -3.315549295286260821e-03 1.625933122210183879e-02 9.568378203573818172e-03 9.638276766432828102e-03 5.671984663587302002e-03 -1.066167698851103879e-01 -6.274240700118177694e-02 6.232265727508244646e-02 3.667597069731218240e-02 -1.798576049849423264e-01 -1.058435653826631240e-01
-6.964647559230165564e-05 -1.581764396535484559e-04 7.704159614293366312e-04 1.749717452244316023e-03 -4.503453816426222886e-04 -1.022794455524786558e-03 1.299656421913449218e-03 2.951693159529562762e-03 7.704159614293366312e-04 1.749717452244316023e-03 -8.522193672793627189e-03 -1.935503902726551720e-02 4.981634278300978158e-03 1.131395619227603712e-02 -1.437655018866363342e-02 -3.265106387658650577e-02
-9.050160994437559878e-05 1.632518572639374624e-03 1.001111459599914608e-03 -1.805860748867862964e-02 -5.851980552218586512e-04 1.055612927117324275e-02 1.688829155494481855e-03 -3.046404328115440152e-02 1.001111459599914608e-03 -1.805860748867862964e-02 -1.107410304809231319e-02 1.997608541156846440e-01 6.473348701512188046e-03 -1.167698783356990039e-01 -1.868150436120549762e-02 3.369874066688556824e-01
-6.132393483697433324e-04 -7.191709642646296110e-05 6.783536110659959227e-03 7.955331338076218443e-04 -3.965304863328524346e-03 -4.650275833969792359e-04 1.144351455692112739e-02 1.342027940698161705e-03 6.783536110659959227e-03 7.955331338076218443e-04 -7.503817601880753696e-02 -8.800035018556454439e-03 4.386344222965023881e-02 5.144045979457220058e-03 -1.265859642505083316e-01 -1.484525580663109516e-02
-6.605007017610337863e-04 1.586613187407419183e-03 7.306332141639986649e-03 -1.755081091753138423e-02 -4.270904422372113693e-03 1.025929762167593871e-02 1.232544750357695076e-02 -2.960741373587248010e-02 7.306332141639986649e-03 -1.755081091753138423e-02 -8.082124549093225307e-02 1.941437057927597742e-01 4.724392596684845458e-02 -1.134863835330503085e-01 -1.363417374355215539e-01 3.275115348590537656e-01
-3.427744422204326985e-02 -2.017177371493501792e-02 8.945986919487672329e-02 5.264582231618813307e-02 -1.704441505241429886e-02 -1.003038853519980234e-02 2.779701784350671612e-02 1.635813773795426890e-02 9.892163287534494476e-02 5.821393161483461726e-02 -2.581731671779950443e-01 -1.519311263070642348e-01 4.918865471614280310e-02 2.894680262182504696e-02 -8.021970297238437131e-02 -4.720811987486559641e-02
-2.739897471883826104e-03 -6.222672768903848850e-03 7.150791869262928223e-03 1.624040253242300252e-02 -1.362410493890223954e-03 -3.094216030854094347e-03 2.221897829429061479e-03 5.046226459331186812e-03 7.907098617798327678e-03 1.795807607946038262e-02 -2.063654464659101309e-02 -4.686834662040057636e-02 3.931794617740388964e-03 8.929630233175830240e-03 -6.412198060786620558e-03 -1.456295743586379261e-02
-3.560339991065098516e-03 6.422340070963231118e-02 9.292044874370920457e-03 -1.676150937484153225e-01 -1.770374481315550256e-03 3.193500339994836262e-02 2.887229095013540275e-03 -5.208145052857487967e-02 1.027482221912740835e-02 -1.853429802365151313e-01 -2.681600896990559910e-02 4.837221427811251862e-01 5.109142133180218266e-03 -9.216155853799165576e-02 -8.332284481708033402e-03 1.503023998939211348e-01
-2.412488106496040244e-02 -2.829223862490345270e-03 6.296294118175260746e-02 7.383922646678670043e-03 -1.199606608058844878e-02 -1.406827926729411126e-03 1.956387836535169317e-02 2.294336347817450741e-03 6.962224524122109792e-02 8.164886577729577391e-03 -1.817054069722003340e-01 -2.130933918244013597e-02 3.461957189938975193e-02 4.059979349254233191e-03 -5.645960010141798380e-02 -6.621249134595734789e-03
-2.598414618316428545e-02 6.241747947854002498e-02 6.781539205865177999e-02 -1.629018637869507069e-01 -1.292058326926390395e-02 3.103701139052925800e-02 2.107163446676158305e-02 -5.061695322359910376e-02 7.498791778814402342e-02 -1.801312533683544492e-01 -1.957091454388383556e-01 4.701201834026821902e-01 3.728764567212121406e-02 -8.957003405602272095e-02 -6.081084911995814080e-02 1.460759918860398965e-01
-5.195748788818369164e-03 -3.057622037651566184e-03 -3.679407089804910547e-02 -2.165277164186659581e-02 -5.212612472848454116e-03 -3.067546068628072831e-03 -7.626797284312893110e-02 -4.488258459185376359e-02 1.499446548204086578e-02 8.824023247498192363e-03 1.061843919805892655e-01 6.248795893927728412e-02 1.504313256321948740e-02 8.852663111734925330e-03 2.201025362586105372e-01 1.295271177959286257e-01
-4.153115640363898276e-04 -9.432279808496747426e-04 -2.941058883528091267e-03 -6.679537177604650752e-03 -4.166595281652603843e-04 -9.462893872578550213e-04 -6.096324586656620172e-03 -1.384556662614989074e-02 1.198551963219972490e-03 2.722071442519073854e-03 8.487632428383986433e-03 1.927654582937974453e-02 1.202442066922614333e-03 2.730906387120850525e-03 1.759344654588827772e-02 3.995706476454109757e-02
-5.396736138355939620e-04 9.734933978428856466e-03 -3.821737735282059161e-03 6.893863917381551354e-02 -5.414252160921702002e-04 9.766530357957299915e-03 -7.921824975977523678e-03 1.428983021454580671e-01 1.557449696498200940e-03 -2.809414724276828104e-02 1.102919268853494797e-02 -1.989507359738485748e-01 1.562504663672714808e-03 -2.818533156315273028e-02 2.286167711046673684e-02 -4.123916967605378847e-01
-3.656831027473358801e-03 -4.288515900312354630e-04 -2.589611344886444053e-02 -3.036943557068876552e-03 -3.668699892867974093e-03 -4.302435006112177024e-04 -5.367832449780108456e-02 -6.295077524268333224e-03 1.055328670491311252e-02 1.237627265098033844e-03 7.473386320440636443e-02 8.764347005262334428e-03 1.058753918702955849e-02 1.241644194321122425e-03 1.549108350943030066e-01 1.816702971620756668e-02
-3.938657012614563829e-03 9.461193818912675205e-03 -2.789188454936761263e-02 6.700012843238833948e-02 -3.951440592049072602e-03 9.491901728319861523e-03 -5.781522515541078627e-02 1.388800926629318866e-01 1.136661124732291257e-02 -2.730415766864816712e-02 8.049347978574521167e-02 -1.933563676584578728e-01 1.140350351220303406e-02 -2.739277794386674875e-02 1.668495597390847462e-01 -4.007955042126971623e-01
8.739267589245332257e-02 5.142930934481851346e-02 1.044898099523302801e-02 6.149072224350714440e-03 2.825977174922030336e-02 1.663046163151206056e-02 -1.511935034065329218e-02 -8.897516157063821429e-03 -2.522074325211154933e-01 -1.484203788673665037e-01 -3.015482295693408879e-02 -1.774567150225364598e-02 -8.155516928300252100e-02 -4.799402223232270698e-02 4.363309043764735523e-02 2.567743444026969815e-02
6.985554996101810132e-03 1.586512754436603806e-02 8.352179476143727901e-04 1.896891410008238457e-03 2.258887117433027066e-03 5.130234068216333633e-03 -1.208534379241780815e-03 -2.744742841352135632e-03 -2.015968583534386363e-02 -4.578533662830795020e-02 -2.410364163955834495e-03 -5.474258653874779050e-03 -6.518945831844056259e-03 -1.480539586829300765e-02 3.487721937673157920e-03 7.921081919954246417e-03
9.077329012353795371e-03 -1.637419291406401467e-01 1.085317932755423603e-03 -1.957757086896897911e-02 2.935294558291987911e-03 -5.294848219301498404e-02 -1.570421274936665895e-03 2.832813581744952555e-02 -2.619635822997930241e-02 4.725445367462584589e-01 -3.132130312913409924e-03 5.649911544005291331e-02 -8.470997102217712668e-03 1.528045755942286921e-01 4.532095094739117466e-03 -8.175246185871000437e-02
6.150802545827587647e-02 7.213298705707148900e-03 7.354119581585360707e-03 8.624478003354238203e-04 1.988957017788498677e-02 2.332531564007563844e-03 -1.064118218338935482e-02 -1.247935128769584769e-03 -1.775066505500462744e-01 -2.081693377615622190e-02 -2.122333020684024144e-02 -2.488947079200994322e-03 -5.739951749144339699e-02 -6.731477106351080320e-03 3.070949836534095020e-02 3.601428970629144168e-03
6.624834836043798358e-02 -1.591376101075818172e-01 7.920889547262048580e-03 -1.902706201246455800e-02 2.142242681449325892e-02 -5.145960450840280503e-02 -1.146128068653863748e-02 2.753156663324677830e-02 -1.911867977279013420e-01 4.592568845491248886e-01 -2.285897754700530124e-02 5.491039620401559629e-02 -6.182320440563832814e-02 1.485078079951208940e-01 3.307622916722444129e-02 -7.945363456315442108e-02
-7.974900817975777434e-02 -4.693112288570396029e-02 -2.878077462230895986e-02 -1.693706418894593349e-02 -1.002075053442117933e-02 -5.897064872303623903e-03 -7.791547605727000558e-02 -4.585211609528219712e-02 2.301484923504785451e-01 1.354390157694950747e-01 8.305873689454378039e-02 4.887884974246744368e-02 2.891898821511201118e-02 1.701840086329921981e-02 2.248570829235981283e-01 1.323250988478984480e-01
-6.374574034211233711e-03 -1.447750825098381884e-02 -2.300532417636062983e-03 -5.224816102101010988e-03 -8.009882206440201808e-04 -1.819151132464576388e-03 -6.228014390076757820e-03 -1.414465174232446172e-02 1.839644952126951241e-02 4.178079167386153370e-02 6.639130436944194399e-03 1.507835114383618107e-02 2.311580238793555821e-03 5.249907178164226265e-03 1.797349151957320854e-02 4.082019761275020031e-02
-8.283394211975004737e-03 1.494204899101145012e-01 -2.989410243011692437e-03 5.392465113001305294e-02 -1.040838361141382951e-03 1.877522352058926675e-02 -8.092948340389349501e-03 1.459851209411296979e-01 2.390513353010728301e-02 -4.312141462821537097e-01 8.627170119726352074e-03 -1.556217116847876114e-01 3.003766254462774798e-03 -5.418361288038765766e-02 2.335552380805262784e-02 -4.212999792357458029e-01
-5.612831939634399525e-02 -6.582398486028630258e-03 -2.025625832027815390e-02 -2.375534588136781790e-03 -7.052725788379642091e-03 -8.271021126427869404e-04 -5.483785724586207749e-02 -6.431060690830673644e-03 1.619813008597836557e-01 1.899621226880771757e-02 5.845774661630424168e-02 6.855579981054454354e-03 2.035353472356933591e-02 2.386942591380718237e-03 1.582571427147779763e-01 1.855946495124928194e-02
-6.045403715288043267e-02 1.452188806507590524e-01 -2.181737501216192421e-02 5.240832419498780287e-02 -7.596267827458821377e-03 1.824727616184328161e-02 -5.906412119550542156e-02 1.418801120749202671e-01 1.744649347346592660e-01 -4.190886784104176366e-01 6.296298951801361510e-02 -1.512457280083528421e-01 2.192214834872198426e-02 -5.266000410544308119e-02 1.704537618137034194e-01 -4.094532914435426441e-01
-5.634038812881645743e-03 -3.315549295286260821e-03 6.232265727508244646e-02 3.667597069731218240e-02 -3.643060668610468428e-02 -2.143887827836707394e-02 1.051354668301496403e-01 6.187068185637956130e-02 1.625933122210183879e-02 9.568378203573818172e-03 -1.798576049849423264e-01 -1.058435653826631240e-01 1.051354668301496403e-01 6.187068185637956130e-02 -3.034115374699344336e-01 -1.785532444221190895e-01
-4.503453816426222886e-04 -1.022794455524786558e-03 4.981634278300978158e-03 1.131395619227603712e-02 -2.912006114337489099e-03 -6.613554461988906119e-03 8.403788739535192343e-03 1.908612562395318318e-02 1.299656421913449218e-03 2.951693159529562762e-03 -1.437655018866363342e-02 -3.265106387658650577e-02 8.403788739535192343e-03 1.908612562395318318e-02 -2.425258134968102594e-02 -5.508084849486091783e-02
-5.851980552218586512e-04 1.055612927117324275e-02 6.473348701512188046e-03 -1.167698783356990039e-01 -3.783985324083487603e-03 6.825764010118612335e-02 1.092024261231127821e-02 -1.969854336655809668e-01 1.688829155494481855e-03 -3.046404328115440152e-02 -1.868150436120549762e-02 3.369874066688556824e-01 1.092024261231127821e-02 -1.969854336655809668e-01 -3.151484176028690465e-02 5.684823122934589135e-01
-3.965304863328524346e-03 -4.650275833969792359e-04 4.386344222965023881e-02 5.144045979457220058e-03 -2.564030292729440469e-02 -3.006943606811993217e-03 7.399561695896055002e-02 8.677769836720647736e-03 1.144351455692112739e-02 1.342027940698161705e-03 -1.265859642505083316e-01 -1.484525580663109516e-02 7.399561695896055002e-02 8.677769836720647736e-03 -2.135447207727267371e-01 -2.504326624832742612e-02
-4.270904422372113693e-03 1.025929762167593871e-02 4.724392596684845458e-02 -1.134863835330503085e-01 -2.761635912937614873e-02 6.633827862108779283e-02 7.969833810984706945e-02 -1.914463284026726719e-01 1.232544750357695076e-02 -2.960741373587248010e-02 -1.363417374355215539e-01 3.275115348590537656e-01 7.969833810984706945e-02 -1.914463284026726719e-01 -2.300022630685925884e-01 5.524969507908373823e-01
-4.536302717480957328e-03 -2.669547686423631456e-03 1.183918629129402864e-02 6.967187672742657274e-03 -2.255670691761142710e-03 -1.327429153552697879e-03 3.678678222464325503e-03 2.164848236435592491e-03 8.294260039556121400e-02 4.881050511436898359e-02 -2.164698783842855523e-01 -1.273893518601142971e-01 4.124310136749796685e-02 2.427096088897679957e-02 -6.726163503460960702e-02 -3.958248674625989422e-02
-3.626000896336639668e-04 -8.235131886939330926e-04 9.463411676363463849e-04 2.149267070893174422e-03 -1.803024282010016978e-04 -4.094908738910602486e-04 2.940476278310832090e-04 6.678214003413768859e-04 6.629847303175687157e-03 1.505726790831216598e-02 -1.730307746056186299e-02 -3.929759782509029825e-02 3.296683044320626067e-03 7.487207101036668679e-03 -5.376421374718058817e-03 -1.221057036838976012e-02
-4.711780689366108082e-04 8.499373094380809762e-03 1.229716198836576383e-03 -2.218230741873081224e-02 -2.342926887584604614e-04 4.226302339448863472e-03 3.820980673138202484e-04 -6.892498286415154989e-03 8.615107218563958918e-03 -1.554041143381810486e-01 -2.248435909865594343e-02 4.055854237842772547e-01 4.283850983843905287e-03 -7.727449597684483973e-02 -6.986351944061916334e-03 1.260237172652096949e-01
-3.192704882690965661e-03 -3.744216112683059904e-04 8.332562933606967731e-03 9.771938698468392043e-04 -1.587568396521795789e-03 -1.861806646292111600e-04 2.589098359210212103e-03 3.036341957702478321e-04 5.837600833946230555e-02 6.845994197700855897e-03 -1.523541264143885299e-01 -1.786719399112470311e-02 2.902739506468616712e-02 3.404161809619241606e-03 -4.733955469180552156e-02 -5.551703961278899209e-03
-3.438761425109666467e-03 8.260376122054262360e-03 8.974739927805529260e-03 -2.155855502506328486e-02 -1.709919695766250452e-03 4.107461402352846104e-03 2.788635934293646600e-03 -6.698685612947717985e-03 6.287495180588968668e-02 -1.510342493609077019e-01 -1.640958097036844532e-01 3.941806193089556487e-01 3.126448891691167853e-02 -7.510158623733288741e-02 -5.098793672995023674e-02 1.224800103902126541e-01
-6.876092977465340754e-04 -4.046479973413157657e-04 -4.869354982267630298e-03 -2.865544064595927382e-03 -6.898410503590353664e-04 -4.059613510556553959e-04 -1.009336081838210601e-02 -5.939794960578265344e-03 1.257237595530961288e-02 7.398659047820865461e-03 8.903218978795025829e-02 5.239413925127892058e-02 1.261318173407898792e-02 7.422672650768199695e-03 1.845488815773229929e-01 1.086043129238937199e-01
-5.496264436564921718e-05 -1.248274995362942089e-04 -3.892219419626469679e-04 -8.839749677368702839e-04 -5.514103495105144507e-05 -1.252326483600740945e-04 -8.067921753428764723e-04 -1.832332688061871252e-03 1.004947185454786469e-03 2.282369157710298618e-03 7.116606189659049030e-03 1.616276229232625761e-02 1.008208912010716751e-03 2.289776973961628673e-03 1.475153779836137387e-02 3.350271077632911015e-02
-7.142081145655619558e-05 1.288328475564860321e-03 -5.057716427676561778e-04 9.123391294806897436e-03 -7.165261981499099631e-05 1.292509964166780765e-03 -1.048380268177218294e-03 1.891126865079953076e-02 1.305871365625573986e-03 -2.355603683925604555e-02 9.247622539789274523e-03 -1.668137788735848115e-01 1.310109792652923173e-03 -2.363249195254272725e-02 1.916877930366633204e-02 -3.457771441557138115e-01
-4.839477651787203326e-04 -5.675454157704288834e-05 -3.427111106922441433e-03 -4.019113916873765110e-04 -4.855184997409075598e-04 -5.693874806879769868e-05 -7.103829787070533620e-03 -8.330952884091514382e-04 8.848590713503676208e-03 1.037710566474710303e-03 6.266193522695628904e-02 7.348622442388819120e-03 8.877310315618620884e-03 1.041078632141274191e-03 1.298877416263500006e-01 1.523246879703749057e-02
-5.212448277593269286e-04 1.252101497221522674e-03 -3.691232953581603457e-03 8.866847327081700883e-03 -5.229366162646845693e-04 1.256165405020179347e-03 -7.651310327728678105e-03 1.837949578941247206e-02 9.530537124538022639e-03 -2.289365604692244691e-02 6.749118806732970488e-02 -1.621230813773782975e-01 9.561470099406069179e-03 -2.296796129099036576e-02 1.398979773923992587e-01 -3.360541105113181160e-01
1.156561237678055062e-02 6.806193432269909416e-03 1.382825994159169554e-03 8.137728373392147168e-04 3.739919421966110460e-03 2.200887785078100949e-03 -2.000906181702592421e-03 -1.177503972019107231e-03 -2.114678021818532094e-01 -1.244457033019922415e-01 -2.528384699904457494e-02 -1.487917351725366946e-02 -6.838138048688006954e-02 -4.024144053917429881e-02 3.658493980536760282e-02 2.152970105786968652e-02
9.244735957166520975e-04 2.099602897068024356e-03 1.105333706010505466e-04 2.510360341408710656e-04 2.989428179917944829e-04 6.789390304075560703e-04 -1.599383475970500871e-04 -3.632413294689302609e-04 -1.690324671902714015e-02 -3.838952885789347069e-02 -2.021012652618656147e-03 -4.589989416798689360e-03 -5.465925939701240382e-03 -1.241384717890139239e-02 2.924342416908860213e-03 6.641571851277217747e-03
1.201300540363177578e-03 -2.166972990502566768e-02 1.436317905091398311e-04 -2.590910435424700724e-03 3.884590868307533237e-04 -7.007241908199312620e-03 -2.078307312218989698e-04 3.748966774110494300e-03 -2.196480192786716759e-02 3.962133614377404411e-01 -2.626190302157354727e-03 4.737268702946135362e-02 -7.102658004913676645e-03 1.281217109314850555e-01 3.800015643406543658e-03 -6.854680395182163877e-02
8.140018293832776419e-03 9.546133693263634265e-04 9.732497098243978600e-04 1.141369897651559761e-04 2.632200658339794476e-03 3.086889793730042950e-04 -1.408262043780860199e-03 -1.651526723873103877e-04 -1.488336045026660281e-01 -1.745432793080111192e-02 -1.779507823761097840e-02 -2.086901893906362940e-03 -4.812764512480469797e-02 -5.644126562361897678e-03 2.574892444885486936e-02 3.019682098659947928e-03
8.767356187624362682e-03 -2.106039086543706404e-02 1.048256472838320595e-03 -2.518055679813942932e-03 2.835060057106845218e-03 -6.810202716976310362e-03 -1.516794495743709233e-03 3.643548209892198599e-03 -1.603039669273859658e-01 3.850720934021544251e-01 -1.916651580672520602e-02 4.604059716291582227e-02 -5.183676400339724821e-02 1.245190098073084561e-01 2.773335193391122250e-02 -6.661931136793002028e-02
-1.055404364977715476e-02 -6.210900057243565024e-03 -3.808869333566800800e-03 -2.241463797848022420e-03 -1.326153653289611264e-03 -7.804219950619706477e-04 -1.031139263134208880e-02 -6.068103488051776982e-03 1.929720919257526257e-01 1.135612488028106826e-01 6.964207346117545772e-02 4.098333988373339953e-02 2.424763940555419578e-02 1.426938053029160568e-02 1.885354156915855506e-01 1.109503298421579687e-01
-8.436159162525869648e-04 -1.915964317405460891e-03 -3.044541883045161950e-04 -6.914560878216565376e-04 -1.060033828205034277e-04 -2.407478274124285884e-04 -8.242201028525692006e-04 -1.871913837008452571e-03 1.542482990816127809e-02 3.503184700137517565e-02 5.566696856888594253e-03 1.264271137864389841e-02 1.938185515701449030e-03 4.401877936456832438e-03 1.507019325792513867e-02 3.422641984618954303e-02
-1.096230612479087534e-03 1.977441987902632536e-02 -3.956207971981346100e-04 7.136428838617455209e-03 -1.377453305887877256e-04 2.484727184618682697e-03 -1.071026862770949615e-03 1.931978056902975902e-02 2.004368387538412941e-02 -3.615591613319195097e-01 7.233604045807595813e-03 -1.304837887321375067e-01 2.518561177002900074e-03 -4.543121277414625264e-02 1.958285384028614698e-02 -3.532464518498462103e-01
-7.428063952374128719e-03 -8.711195603233423635e-04 -2.680728442559380045e-03 -3.143800318900359767e-04 -9.333630288252422027e-04 -1.094593149043146844e-04 -7.257283221987208786e-03 -8.510914028222476722e-04 1.358160992519844013e-01 1.592771163842842883e-02 4.901493613364685947e-02 5.748182822304892699e-03 1.706578276302340297e-02 2.001374419016290190e-03 1.326935126968238621e-01 1.556151309134488729e-02
-8.000532689743199491e-03 1.921837575340419949e-02 -2.887327798270477360e-03 6.935756992974974333e-03 -1.005295790584486565e-03 2.414858234569420507e-03 -7.816590167842580109e-03 1.877652061200256461e-02 1.462832238421443443e-01 -3.513923473897966332e-01 5.279243707878696762e-02 -1.268146674806777674e-01 1.838101472295292430e-02 -4.415371593037048514e-02 1.429199846493625359e-01 -3.433133860178468333e-01
-7.456129287735067685e-04 -4.387822843710425841e-04 8.247827280418468937e-03 4.853725512985512282e-03 -4.821253855425441590e-03 -2.837237256194207607e-03 1.391370665781824570e-02 8.188012513984455412e-03 1.363292510499981326e-02 8.022776683970642836e-03 -1.508048040125596345e-01 -8.874641767224338007e-02 8.815269986174371908e-02 5.187657231539300612e-02 -2.544007936007684489e-01 -1.497111397271114752e-01
-5.959904610497969370e-05 -1.353573865649477614e-04 6.592732225823440912e-04 1.497297461503181888e-03 -3.853770766635905760e-04 -8.752427655862211886e-04 1.112163714696489704e-03 2.525872202526794567e-03 1.089720014934764114e-03 2.474899565494241734e-03 -1.205427390050955137e-02 -2.737686454305018544e-02 7.046305959287411762e-03 1.600310108833219447e-02 -2.033500767200532855e-02 -4.618351591420560842e-02
-7.744555022746812218e-05 1.397006077486631376e-03 8.566878299224936488e-04 -1.545341341620529857e-02 -5.007754603101144224e-04 9.033267365970217011e-03 1.445193110573927617e-03 -2.606920026629901826e-02 1.416028806935153194e-03 -2.554311827308744856e-02 -1.566383920261383775e-02 2.825530775952015405e-01 9.156271412916217392e-03 -1.651659362402497500e-01 -2.642417892501561227e-02 4.766540936492459357e-01
-5.247714243406154284e-04 -6.154209971438682754e-05 5.804920894786897226e-03 6.807669091166503083e-04 -3.393256950333598584e-03 -3.979411757344881767e-04 9.792635533682852306e-03 1.148422578911970950e-03 9.595018070633391793e-03 1.125247167576310910e-03 -1.061382504850822833e-01 -1.244726845230004209e-02 6.204293954775336878e-02 7.276030277409282349e-03 -1.790503646856851649e-01 -2.099797147154020688e-02
-5.652146995501164829e-04 1.357723154012918871e-03 6.252296651979168639e-03 -1.501887324746917218e-02 -3.654769712525883767e-03 8.779257625874158436e-03 1.054733793466193330e-02 -2.533615091484284210e-02 1.033449041701421656e-02 -2.482486201309542020e-02 -1.143181518202528169e-01 2.746078645404355090e-01 6.682448740373486684e-02 -1.605215750321275781e-01 -1.928494833866388480e-01 4.632508833225290057e-01
-4.562055590155068147e-02 -2.684702874678816797e-02 1.190639808823823198e-01 7.006740830502906914e-02 -2.268476274575489601e-02 -1.334965051420274225e-02 3.699562307538073469e-02 2.177138214522120543e-02 -4.479892884570808170e-03 -2.636351326234411766e-03 1.169196363838102132e-02 6.880549298509265610e-03 -2.227620974899824965e-03 -1.310922306145135456e-03 3.632933121931296305e-03 2.137927914997922018e-03
-3.646585928953559839e-03 -8.281883242866614273e-03 9.517136053051315769e-03 2.161468593733807675e-02 -1.813260163002703047e-03 -4.118155790514739685e-03 2.957169545033259354e-03 6.716126639679780713e-03 -3.580910848905240239e-04 -8.132726372434060215e-04 9.345732256653118070e-04 2.122540504369920845e-03 -1.780603313918714767e-04 -4.043987728534881158e-04 2.903910866814686759e-04 6.595169074639705776e-04
-4.738529761400912810e-03 8.547624564077897780e-02 1.236697374182721583e-02 -2.230823775763239591e-01 -2.356227829249763709e-03 4.250295320695617746e-02 3.842672618075292004e-03 -6.931627427883725601e-02 -4.653188752727450625e-04 8.393681687533674149e-03 1.214424431592745672e-03 -2.190646598287817465e-02 -2.313792122450866674e-04 4.173747423332402340e-03 3.773466013127962427e-04 -6.806788689660977880e-03
-3.210830066888463452e-02 -3.765472260435876600e-03 8.379867411646156616e-02 9.827414602250362022e-03 -1.596581121051734650e-02 -1.872376238422946999e-03 2.603796831631055228e-02 3.053579459849423573e-03 -3.153002957978139759e-03 -3.697656035357966783e-04 8.228945844521015282e-03 9.650422683440423475e-04 -1.567826665522203565e-03 -1.838654707726895105e-04 2.556902402518835757e-03 2.998584437281269564e-04
-3.458283487602591827e-02 8.307270791074422567e-02 9.025690084582627115e-02 -2.168094428283013908e-01 -1.719627016231952549e-02 4.130779716208090452e-02 2.804467193938988898e-02 -6.736714467814337859e-02 -3.395999738006909730e-03 8.157656690428933752e-03 8.863137239169113432e-03 -2.129047007516307252e-02 -1.688656501853673386e-03 4.056384297092931537e-03 2.753958687888869925e-03 -6.615386115608652001e-03
-6.915128984974634394e-03 -4.069452091903414878e-03 -4.896998613363973823e-02 -2.881811936480494288e-02 -6.937573209083553252e-03 -4.082660188954047829e-03 -1.015066145553050053e-01 -5.973515546010235711e-02 -6.790587384013926182e-04 -3.996161184436645346e-04 -4.808803577734721557e-03 -2.829910450186197499e-03 -6.812627387231389451e-04 -4.009131403415025540e-04 -9.967847854912385841e-03 -5.865932420506682343e-03
-5.527467071625551944e-04 -1.255361530151279407e-03 -3.914315791358249572e-03 -8.889933486098006502e-03 -5.545407403610651655e-04 -1.259436018939796842e-03 -8.113723847028046429e-03 -1.842734954698625055e-02 -5.427917287398299832e-05 -1.232752445766991994e-04 -3.843818891534576672e-04 -8.729825619534921062e-04 -5.445534513672423312e-05 -1.236753552937043532e-04 -7.967595530425771941e-04 -1.809547264070860990e-03
-7.182627184539544258e-04 1.295642396451532861e-02 -5.086429398414114150e-03 9.175185354640215396e-02 -7.205939619429898397e-04 1.299847623624324558e-02 -1.054331988166357439e-02 1.901862909916492983e-01 -7.053267936055513808e-05 1.272307852919915116e-03 -4.994822710841326664e-04 9.009940096647054211e-03 -7.076160513562175600e-05 1.276437343873521512e-03 -1.035343449552597389e-03 1.867610323721290155e-02
-4.866951667420112669e-03 -5.707674063956990132e-04 -3.446567029834397139e-02 -4.041930676558946021e-03 -4.882748184620038130e-03 -5.726199288303559587e-04 -7.144158670612628381e-02 -8.378248221779462448e-03 -4.779297777843227171e-04 -5.604878748463722139e-05 -3.384494293859893928e-03 -3.969135430291722329e-04 -4.794809799476121076e-04 -5.623070333177062686e-05 -7.015492240776154131e-03 -8.227355816293776929e-04
-5.242039670666743048e-03 1.259209755298910417e-02 -3.712188312644778415e-02 8.917184970853833659e-02 -5.259053599606019862e-03 1.263296734154904788e-02 -7.694747292352045742e-02 1.848383733016880082e-01 -5.147630439211638024e-04 1.236531364308515561e-03 -3.645331732452427188e-03 8.756586304546096905e-03 -5.164337946975932746e-04 1.240544736599697795e-03 -7.556164751251244135e-03 1.815094307787092423e-02
1.163127107759643203e-01 6.844832615713546120e-02 1.390676383336417361e-02 8.183926763514762920e-03 3.761151177138484514e-02 2.213382361923844910e-02 -2.012265450547605014e-02 -1.184188735306136372e-02 1.142179167029118252e-02 6.721557053663829856e-03 1.365630275942717083e-03 8.036534091087691985e-04 3.693412774850707552e-03 2.173519304634365101e-03 -1.976024512553006384e-03 -1.162861474273824266e-03
9.297218898195397721e-03 2.111522473304861675e-02 1.111608754208589286e-03 2.524611813205181968e-03 3.006399349630485031e-03 6.827934095115325251e-03 -1.608463275441339088e-03 -3.653034730890505986e-03 9.129775813824983878e-04 2.073493914493985783e-03 1.091588659978693629e-04 2.479143507739865835e-04 2.952254041720283446e-04 6.704962875734233252e-04 -1.579494822091411627e-04 -3.587243507799988415e-04
1.208120398248784845e-02 -2.179275030950087733e-01 1.444471971174074660e-03 -2.605619195114920392e-02 3.906643932278998366e-03 -7.047022456345526653e-02 -2.090105992096105442e-03 3.770249891663714215e-02 1.186362127524100271e-03 -2.140026247322486877e-02 1.418457004248110953e-04 -2.558691945202639338e-03 3.836285202779284942e-04 -6.920105451525182007e-03 -2.052463144508039571e-04 3.702347621358996737e-03
8.186229683976160854e-02 9.600327687986538044e-03 9.787749089608305253e-03 1.147849525550953282e-03 2.647143825193654446e-02 3.104414259086069224e-03 -1.416256834993870339e-02 -1.660902543805467795e-03 8.038795535908971335e-03 9.427425608703973205e-04 9.611471547414927093e-04 1.127176734358667352e-04 2.599468715925381222e-03 3.048503700843134654e-04 -1.390750023192538877e-03 -1.630989658262089429e-04
8.817129014009689181e-02 -2.117995201428512775e-01 1.054207490033621034e-02 -2.532350838525172093e-02 2.851154869384866022e-02 -6.848864661378593899e-02 -1.525405432436966607e-02 3.664232859699573935e-02 8.658332357335915552e-03 -2.079850068664373594e-02 1.035221193633534785e-03 -2.486743153070658172e-03 2.799805517436167526e-03 -6.725516482111850401e-03 -1.497932852376255512e-03 3.598239958102020936e-03
-1.061395961201272720e-01 -6.246159723171380851e-02 -3.830492521675847584e-02 -2.254188727241989917e-02 -1.333682310062860726e-02 -7.848524992682830853e-03 -1.036993104865370635e-01 -6.102552488974693351e-02 -1.042280200302458416e-02 -6.133666270992786662e-03 -3.761505280490023626e-03 -2.213590746558144820e-03 -1.309662666983301988e-03 -7.707172912353930884e-04 -1.018316839860659156e-02 -5.992645405740952558e-03
-8.484051762800065566e-03 -1.926841366003681846e-02 -3.061825936678292878e-03 -6.953815270391031957e-03 -1.066051706179274279e-03 -2.421145678025769191e-03 -8.288992516409444955e-03 -1.882540808289627499e-02 -8.331253833583057017e-04 -1.892138917352205940e-03 -3.006682394909876714e-04 -6.828576928714215170e-04 -1.046852095227267286e-04 -2.377540799569328805e-04 -8.139707607828851636e-04 -1.848636213502215112e-03
-1.102453981849003256e-02 1.988668049060027254e-01 -3.978667610704775780e-03 7.176942789002763168e-02 -1.385273193979640527e-03 2.498833135389736532e-02 -1.077107148886160583e-02 1.942946016496339967e-01 -1.082598765238682037e-03 1.952852100702810734e-02 -3.907011733424057220e-04 7.047685916587521741e-03 -1.360324398126223986e-04 2.453829104388825094e-03 -1.057708429206458437e-03 1.907953522791528550e-02
-7.470233533439227247e-02 -8.760649602488110310e-03 -2.695947104662563612e-02 -3.161647868847473203e-03 -9.386617887927882140e-03 -1.100807222431290488e-03 -7.298483270223755925e-02 -8.559231016518802429e-03 -7.335694489290321176e-03 -8.602870141060805055e-04 -2.647393047428114009e-03 -3.104706532233819888e-04 -9.217564726098358445e-04 -1.080981663988550025e-04 -7.167037451493024625e-03 -8.405079107551379674e-04
-8.045952211436502299e-02 1.932747966789239991e-01 -2.903719337766009351e-02 6.975131716811271143e-02 -1.011002917314582188e-02 2.428567534965366675e-02 -7.860965436398278938e-02 1.888311608737071878e-01 -7.901044463245118776e-03 1.897939140148334133e-02 -2.851423298769237280e-03 6.849509465540035494e-03 -9.927947360685218572e-04 2.384828988728127444e-03 -7.719389303447893660e-03 1.854303081726831753e-02
-7.498458197454606865e-03 -4.412732786906055880e-03 8.294650708884156176e-02 4.881280414612626517e-02 -4.848624413432929547e-02 -2.853344428566863614e-02 1.399269563591331589e-01 8.234496370300764534e-02 -7.363410826584580434e-04 -4.333259387771027965e-04 8.145263896152407299e-03 4.793368464033698727e-03 -4.761300598039437844e-03 -2.801955642616787111e-03 1.374068692862252458e-02 8.086192938319856569e-03
-5.993739359663306397e-04 -1.361258188673764719e-03 6.630159576721314854e-03 1.505797712320387782e-02 -3.875648862973245581e-03 -8.802115732044207483e-03 1.118477537278693770e-02 2.540211736123633088e-02 -5.885792002901685417e-05 -1.336741903510224008e-04 6.510750280075655420e-04 1.478678267661751467e-03 -3.805848355245188214e-04 -8.643589464856403720e-04 1.098333736138621579e-03 2.494462475757931556e-03
-7.788521343303390779e-04 1.404936967878895639e-02 8.615513000168583888e-03 -1.554114340533374050e-01 -5.036183937453078338e-03 9.084549786654040615e-02 1.453397561750144340e-02 -2.621719673765150471e-01 -7.648249929809980397e-05 1.379634027093740905e-03 8.460347451634320009e-04 -1.526124712506684439e-02 -4.945482171561822867e-04 8.920936876917216762e-03 1.427221844772767582e-03 -2.574502453934493854e-02
-5.277505843561004946e-03 -6.189147804223399559e-04 5.837875791758532357e-02 6.846316652017478931e-03 -3.412520681092953700e-02 -4.002003125401039883e-03 9.848228934685628044e-02 1.154942245321539246e-02 -5.182457865675891336e-04 -6.077681137759873014e-05 5.732735540738611094e-03 6.723014362446472171e-04 -3.351061120489197409e-03 -3.929926975068895345e-04 9.670862149363430166e-03 1.134141714114958108e-03
-5.684234585544390567e-03 1.365431032805320896e-02 6.287791328950065317e-02 -1.510413632503236070e-01 -3.675518067501660352e-02 8.829098017464670489e-02 1.060721582813571873e-01 -2.547998581943323182e-01 -5.581861415491001441e-04 1.340839594641766302e-03 6.174548090781144943e-03 -1.483211055036704439e-02 -3.609321919102796879e-03 8.670085798817226894e-03 1.041617967481997184e-02 -2.502109080340339520e-02
