-7.363907402026403752e-03 3.321954420576420097e-01 1.360322742358486547e-01 1.402186792373019963e-01 -7.395211183303718183e-02 -2.848176517004533115e-01 5.103296490535329522e-01 -2.979167444567240239e-02 1.295428951952821151e-01 4.844251419402656467e-01 -2.767397283303429378e-01 1.217466376900141894e-01 1.225324305327349650e-01 -5.965164364552143217e-02 -4.592514658026351781e-02 3.544135724252893138e-01
8.764950750438993410e-02 -9.145794785666602755e-02 -1.859774222953545011e-02 -1.560232689279282270e-01 6.544565343137431768e-02 -1.578869365543498771e-01 -1.667752574706152513e-01 -1.417879723694829251e-02 1.866900711058760987e-01 -7.206695793429204744e-02 4.327937589563875254e-02 9.016423389173992831e-02 3.441350315898054624e-01 -4.794235160475827928e-02 -2.701902692055392352e-01 1.876226906597778243e-01
1.925907777250590314e-01 9.938409526900035540e-02 -2.673561119420473919e-01 1.681728407028388814e-02 3.403702502311631295e-02 9.707127113133216800e-02 -2.672920107819475866e-01 -9.946558120156483163e-02 3.126556369990406321e-03 1.267226364606214850e-01 -2.448711540072208426e-01 2.621601863515438668e-01 1.116405446335686780e-01 2.521498476985258724e-02 -7.159679373437833998e-03 -2.501840682364829815e-01
9.695904288499854196e-02 4.949556786624163124e-02 -2.687988888651604014e-01 -7.749685482643712403e-03 5.839533232894065368e-02 1.888350791954221397e-01 8.613020866712692292e-02 1.610120988575859113e-01 -8.263842637545731895e-03 -8.035932716834282008e-02 -3.307024539976635147e-01 1.483057071514757852e-01 -6.270183772974623898e-03 -2.171065245420843726e-01 1.885034256276499343e-01 -3.470861904363049533e-01
1.090435994413300747e-01 -1.317075320106590730e-01 -2.144929192626556236e-01 -2.591219789245111649e-01 9.114749204397859517e-02 -7.701170092172140991e-02 1.037054024472142122e-02 -2.287019671814925770e-02 1.385884819077197114e-02 2.955955725152250024e-01 8.223902818873854437e-02 -1.121909570244560700e-01 2.595944449381067387e-01 2.623953711250983090e-01 -9.915767070866792279e-03 3.444507263551421783e-01
-5.489530442409956690e-02 7.341652458184112773e-02 1.050553271895698082e-01 3.955460812862560127e-02 -8.113011884976417676e-02 2.448064137211357350e-01 2.066469751726960902e-01 -2.545033302093120328e-02 -1.510222876343171872e-01 2.288173154908934581e-01 -7.385619386067368564e-02 -4.938776736150785052e-02 1.078224750563625683e-01 5.986951763396404225e-01 6.161717742482161198e-01 -1.796171375149952509e-01
1.430558593396199368e-02 1.279647278932846133e-01 -1.198481834978461502e-01 7.200249425241026131e-03 -1.670086655894926775e-01 -8.819294736768704124e-02 -1.601621439609751396e-01 -6.826540381342209585e-02 4.391079760799663362e-02 -3.149523374312221402e-02 6.069991489874451696e-02 -7.762948981765559198e-02 -1.615422346292913203e-01 -4.208348176847749589e-02 -2.440350414132663459e-01 -2.987067393555459804e-01
9.876187204343468695e-02 -8.416140197161511849e-02 -5.657996001442219119e-02 -2.093313061629741845e-01 2.185455193441466215e-01 -1.437133387813546992e-01 2.470313757373513164e-01 1.877319786852482131e-01 1.004811762089128785e-01 2.820800951427885478e-02 -1.232995736568546878e-02 -1.068504042620690292e-01 -2.027926703227684035e-01 -3.652760761655234056e-02 -1.719878976992370856e-01 2.859645902666260731e-01
-9.285452335524220502e-02 8.179063243658160620e-02 2.953479879486267667e-01 5.420986797663138179e-02 -3.976570830360120351e-02 5.614767949949511783e-02 9.171136871794180467e-02 3.614630221686697398e-02 -1.700789856720532900e-01 1.007006948692545922e-01 -1.064442158069224820e-01 1.602371599111751810e-01 -1.508021669956888244e-01 -1.336324571351222776e-02 8.171015920600738225e-02 -5.097870867738159006e-01
7.811234424974854151e-02 1.684719717261858318e-01 -1.737558268785377794e-02 2.266925709572983894e-02 7.343847026127840738e-02 2.274711019890617580e-01 -3.911299253775111368e-02 1.375280709367924792e-01 -1.838540478724349503e-01 -2.130864291021290491e-01 1.571183566556630939e-01 1.303683878435082100e-01 -1.567715874746934412e-01 -9.528633928149245202e-02 -7.490008965323004253e-02 -1.210523562755779978e-02
1.866977425559887809e-03 -5.996346640136858419e-02 1.012683224609031186e-02 2.259133137065329894e-02 3.174000846913983542e-01 3.744354360630104406e-01 4.793691500253590559e-02 5.285728977207870133e-02 2.557943021635239456e-01 3.364590980823395361e-01 1.280291231447704403e-01 1.154788843837462886e-01 1.060290194137249870e-01 2.167349029101945657e-01 5.045439311513188335e-02 3.622184280637396475e-02
-9.444043147718178544e-02 1.922887056250378868e-01 -1.724157429994118904e-02 -1.079552740326649024e-01 -2.395019266295813909e-01 1.334323335215283068e-01 -1.806446170989526034e-01 -1.681229478901658525e-01 -7.631958817227115291e-03 1.647650096679727783e-01 -2.207638379564798026e-01 4.167432270045955955e-01 2.858806417734614524e-01 8.128773320013641182e-03 1.946221021592516309e-01 -4.541159696281912295e-01
-1.018092656420475396e-02 -2.559981629900596328e-02 -5.575980644695857635e-02 -5.751698049401832158e-02 1.603239020412864854e-02 -1.868147820763200184e-01 2.272502584216732346e-01 3.752906116274577070e-02 6.691195016602650980e-02 -1.753177486559290843e-01 4.433991392036906731e-02 -2.827142381114048919e-01 -6.545734548409151699e-02 1.196573192416065974e-02 -3.922862517110302372e-02 4.950434541531399946e-01
-1.183741214320509216e-01 6.345092069722032060e-03 -5.957114909239925177e-02 -5.273326502267806914e-02 7.952673899636951427e-02 2.175179139535106665e-01 4.442193098405167184e-01 -6.146561290919699133e-02 1.466595448644715527e-01 3.417143193239382537e-01 2.394561196719252327e-01 -3.113602366517176923e-01 -7.958618013602507257e-02 8.059377976942498634e-02 -2.593709199200430748e-01 1.029101166301144565e-01
-3.901657972336299018e-02 -1.304148197249369590e-01 1.655039394650502458e-03 2.203393246771187253e-01 -1.652315608722414175e-01 -1.281353125494841816e-01 1.127812856310902861e-01 -1.101057522298454494e-01 -1.033722173056747240e-01 -4.433742024597372988e-02 6.624200128704239854e-02 -1.632842368911793102e-02 -1.498990053407762701e-01 7.611647567288909455e-02 4.612245709784548731e-02 -9.169413397998583959e-02
-2.108697846241770063e-02 -3.564455256122747023e-02 1.943932304021892543e-01 1.916439477810176761e-01 2.330345526300307557e-01 1.105047192778053217e-01 2.559525495844127696e-01 7.390962564414876868e-02 1.273860261147456447e-03 2.959917208379911346e-01 3.361474181055797428e-01 -2.176668467368230997e-01 -1.448165368067235725e-01 8.830799934667366013e-02 -1.633803933614307868e-01 2.112629722694537859e-01
-6.574136376269679172e-02 -1.589606751410321539e-01 5.774977621018913959e-02 1.853413120699101690e-02 -3.950162554938074222e-01 -5.700742797040947440e-01 2.952734309202927412e-02 -6.414095684670644004e-02 -9.345181696755200385e-02 -3.392435063780219751e-01 -1.128805589433912702e-02 1.007263846541646135e-01 1.827338506956890374e-01 -9.289432297213856549e-02 -1.514389373597592632e-02 2.176937718049036519e-01
-6.174641515751929516e-02 3.461012087788627178e-02 2.201500710087056223e-01 9.903708447259441938e-02 -1.790731045346747041e-01 -1.564461638456784154e-01 7.652544751718247384e-02 -1.174714289359503061e-01 -2.822829326913338099e-01 -1.797003118268385713e-01 -1.298424016973329098e-01 2.744937206477598424e-01 -1.719320840615518597e-01 -1.040854313176190898e-01 3.331045314507243282e-01 -3.343330661648236113e-02
-1.154357843828563435e-01 -1.486299814019257926e-01 1.247311034781910383e-01 -1.137452137077147873e-01 -2.903868317470883684e-02 -1.810126655165980314e-01 -2.641285631050047100e-01 -1.019921313481259723e-01 2.312196076562257341e-01 1.516171117930295575e-01 -1.260341131936573156e-01 -1.671979597521965344e-01 2.549505636105091622e-01 -5.588521561045634717e-02 -1.335330817573558981e-01 6.382943807562245497e-02
1.113822585718367841e-01 2.204846267860117448e-01 1.308230912624274156e-01 -1.980719084623488169e-01 -5.723801751457577996e-02 5.115394572651776189e-02 1.311871491503412424e-01 1.736238854039878765e-01 4.714568518021931831e-02 -2.541433465848736972e-01 2.064803165955044761e-01 -9.118625726645895879e-02 -1.932102676327099311e-01 3.855889657489771499e-02 -7.509814313122581408e-02 -3.590690267642646094e-02
-7.505866081103268472e-02 1.886606421704482145e-02 1.670212581648743422e-01 -5.505710724741386120e-02 -1.726385231973704137e-01 -2.091381825549278040e-01 -1.073210097548897290e-01 4.006261817984402285e-02 1.698029445405523363e-01 -3.484603777586904594e-02 -3.537574481979420538e-02 -2.497582784634187758e-01 9.406178113800697793e-02 2.490372026997693389e-01 -1.672284392662425345e-01 3.334898075164007825e-01
2.176018479242567555e-02 4.608418647033414584e-02 -1.536422305862208126e-01 3.182820971385804110e-01 6.185161635798649277e-02 2.063077089706865375e-01 -1.761127929970905948e-01 -1.630007924088080762e-01 5.711861822469399379e-03 1.491601080230484933e-01 -8.454915145524183329e-02 2.143350047040371298e-01 -2.565201468440609159e-02 -1.448772878401257957e-01 -3.512217358433516318e-02 -3.077645976879945788e-01
4.358798248932259367e-02 3.304354189189455115e-01 -1.575599028999586371e-01 -2.998316686461092659e-02 -1.568968847825679969e-01 1.198083281666500882e-01 -1.320906905756413785e-01 -3.490660639308046376e-01 2.351117770388810521e-02 1.460121528589851669e-01 -1.993073999594124068e-01 3.223523577237664139e-01 -1.447356331954559316e-01 7.486487208837516727e-02 3.239971432227076731e-01 -1.276386275647390933e-01
-1.555428629088738413e-01 -9.937094695744382034e-02 -5.677483092977170243e-02 1.818634911409980903e-01 -2.532727275097730948e-02 1.528259409985497086e-01 7.059405764579444742e-02 3.891595210576490049e-02 -1.379644935804775485e-01 1.726361211483181182e-02 -3.919697038756957408e-01 3.208368643781210894e-01 -8.042205386080091001e-02 -2.650345892600244890e-01 2.778404654615670433e-01 -4.806350251447895627e-01
1.689021170913465250e-02 -1.035378979901011715e-01 -2.853816512378336001e-01 -8.441617173694668241e-02 -9.774831450386804732e-02 5.029123483291698948e-02 1.975187351189982565e-01 2.541697053184515664e-01 5.446291023882881589e-03 1.182223566411796795e-01 -4.232894350458464294e-01 -6.080638036575965188e-02 3.045099357405571250e-01 2.176289187329829289e-01 1.505948408674196159e-01 -1.820478677193216321e-01
2.317925562869268402e-02 7.045501004076205886e-02 8.224126188148751793e-02 2.583277402862109787e-02 -6.006187722655065980e-02 -7.063718380287365914e-03 2.737955379531145997e-02 -1.089458169813800337e-01 -1.153142861221088597e-03 1.084252153656362627e-01 -1.120086266555207349e-01 -2.192791297619391122e-01 -1.116880946943494685e-01 8.326001213497104259e-02 1.408348594588183511e-01 1.718873203502629954e-02
-5.617330600463278298e-03 -1.937894723717051848e-01 -8.823033593824300413e-02 -2.872381408981983242e-01 -1.315220132402875330e-01 -3.868400433856884479e-01 -7.898578869506218958e-02 5.673504537393532499e-02 -1.635839083649077708e-01 -1.670433764653817821e-01 -5.922820078494431956e-03 -3.195033634664635747e-01 1.622857062221704783e-01 1.260541072637679297e-02 -2.043174616025530410e-01 2.820501595976755982e-01
2.209928983607401531e-01 1.405675647466615996e-01 -2.601002469498796873e-03 -1.176322604231682112e-01 1.364366597818122140e-01 2.542950137465792293e-02 -2.020647181978810769e-01 -8.539279999651407105e-02 -2.139086685648612651e-02 -3.154104470531873469e-03 -7.273749079582635113e-04 -8.963322477534088617e-02 2.632752161137837804e-02 8.526014425327854696e-02 -3.090676574784506636e-01 1.982820565041802374e-01
1.460360529523757334e-01 7.828839216975236326e-02 -1.284139400606925385e-01 1.551061364951359101e-01 -7.329478779049347636e-02 -2.015056460252215992e-02 -1.454888435343292541e-01 -2.350466556312582889e-01 -6.756327468241699052e-02 -1.494745042844859706e-01 -2.983094018025023511e-02 -1.906968503220756728e-01 2.835499730913909611e-02 4.659497243077866113e-02 -1.136568621520149397e-01 -3.338300572321015874e-02
-8.314198780939506539e-02 -5.565572838892596241e-02 7.618826613182139162e-02 -4.268599526817987155e-02 -7.619556644854096755e-03 1.042952588892281235e-02 6.051864764144295264e-03 -1.701729708309163425e-01 -9.287348258894416453e-02 -5.716340789610407924e-02 2.755127471667151440e-02 1.552510992576906224e-01 -1.201604727353972335e-01 6.345434990738678394e-02 -7.257470277610934828e-02 1.726176403367907231e-01
-8.563202464222981897e-04 -5.801054806522203122e-02 -1.912010450613801094e-01 -1.233353308876549426e-01 1.902771777750459636e-01 4.646468077523822626e-01 -2.938615574910615966e-02 2.061092893657310854e-01 2.124788177026846192e-01 4.127137237798432223e-01 -1.971818281788194072e-01 -1.363572783947476219e-01 9.991218913731782225e-02 7.912861210397137413e-02 -3.171044712717053377e-02 -6.354810111161767194e-01
4.931212388579015587e-02 1.786439739227234647e-01 3.715947320658850028e-01 1.242933160389110836e-01 -3.677015804961426826e-02 1.340251004486966158e-01 9.612461341896882949e-02 3.110310250711859417e-02 -2.532924837642995808e-01 -6.048439082084094975e-02 1.195244876577273574e-01 -1.062959258805586532e-01 2.434915320883512535e-01 4.010294580817594379e-01 7.634516329220028021e-03 1.151080818306240428e-01
-7.000083960865458423e-04 2.358046144610971562e-01 -7.239762705416016852e-02 2.393846873988124749e-03 3.424807576930626735e-02 2.431402383916103360e-01 4.084732584966251911e-01 1.069599273814746294e-02 -1.085027484050354041e-01 2.137397769588622320e-01 5.399571818475626395e-02 -1.002417315886996174e-01 -3.787023692946818176e-01 3.240188274200290347e-02 -2.208927815169373088e-01 1.985881877802224971e-01
1.079303199452183622e-02 -4.474004257411055320e-03 -2.049710120109879061e-02 -7.622817161120187812e-02 -1.161011303599876199e-01 -8.347078160332559171e-02 -1.491309686608265905e-01 -7.915060701688700351e-02 1.569251781683219937e-01 1.307595769676010156e-01 2.100203274926684127e-01 4.318296625184657733e-01 1.106626687955445804e-01 -1.642102128137175668e-02 3.921660048428243783e-02 -1.372915455595491996e-01
-1.189130165302227093e-01 -2.558256653631790778e-02 -1.901137246116535728e-01 5.427532980969745902e-02 -1.109302756914656435e-01 2.208226407279012815e-01 2.280943647319297329e-01 1.126276224201698539e-01 -2.129019850351428489e-01 3.351838869912187047e-01 8.245521536192799983e-02 2.513350873594192431e-02 -2.191285082893669467e-01 2.417629797622495025e-01 3.462414069972941100e-01 7.711355047714063549e-02
-2.229760551629825782e-01 -1.786828365753975467e-01 2.985803534179345964e-01 1.918643406212170721e-01 1.539260679445331702e-02 1.106727817822877880e-01 1.495126521247927276e-01 1.596820789655255812e-01 -4.072796751347297801e-04 3.684113769341463285e-01 -3.023850430670930178e-01 1.241607009109389481e-01 -2.517697554231642515e-02 -9.063234482156852512e-02 3.308769789058631505e-01 -4.168860862096409048e-01
-8.489257398563279655e-02 6.791961553097101111e-03 -1.564032575192349228e-02 1.049228623016823236e-01 8.850178273716946542e-02 1.466440090730077861e-01 7.047866063309777412e-03 -6.416701814532778381e-02 8.086200140381100132e-02 3.593687272609966676e-01 1.299839570085118967e-01 6.389699506443745347e-02 -2.194848154744196908e-02 1.788930638398207873e-01 8.832694610105823463e-02 -2.109587113079124943e-01
-9.424025005089338436e-02 -4.709112924618729518e-02 -6.385931787089524359e-02 -1.434422988285916911e-01 -1.595330659581551958e-01 -1.479314278895299262e-01 7.714515950606064265e-02 -8.326013235254568767e-02 7.843102254261805073e-02 -6.846472571424780384e-02 -2.926666145981771452e-02 -1.824861586059961793e-01 2.195278675361823917e-02 5.037699601154213558e-02 -3.100929597194684167e-02 9.882429596156054596e-02
-4.994627010326506411e-02 4.149011343601235330e-02 9.832479104936209247e-02 -3.094553329558286103e-02 -4.298935026427326556e-02 -3.557237780333523114e-01 1.565842658987294800e-01 -2.009954198487152663e-02 4.985721718416219472e-02 -4.086159531120169830e-01 1.586686204000892220e-01 -4.093463800019354060e-01 1.383356970377488948e-01 3.455101813307707298e-02 -2.746165483823250764e-01 4.166122187535551413e-01
9.930276639529196647e-02 2.540663243017804440e-01 5.676015848339035358e-02 1.066865487103227234e-01 -8.712294127112675188e-03 1.296050943945010470e-01 -9.049355534719727423e-02 -3.880809525697325180e-01 -7.991324130182166086e-02 -4.464580633865643244e-02 -1.019945626244734144e-01 -2.015740102105958165e-01 -3.526516066798016102e-02 2.027701970317874747e-01 1.707677426780758456e-01 2.542148349875535396e-01
6.251818471538639344e-02 -4.441972542689096026e-02 -2.006120403874639413e-01 -1.537138347936779226e-01 6.595061090722093011e-02 -5.403973182089830823e-02 2.355058765190020525e-02 1.686926773273820374e-02 -1.110867173231261384e-01 1.806975106974479106e-01 -2.059072973776858440e-01 -5.473339197333274703e-02 -6.958126082244379951e-02 1.305125715495455696e-01 -1.701492863641275999e-01 -1.112439526417243335e-01
-7.426083956984434395e-03 -7.424383174522052042e-02 -1.926929324437000046e-01 -1.025587050930706345e-01 -1.585600027903040221e-01 -4.070024559120934832e-02 3.284920384291827866e-01 4.873482468463848361e-01 -2.605340570058234939e-01 7.909349352662646548e-02 -1.151516684606891661e-01 9.118019838987451164e-02 -5.955501335977421429e-02 -6.735010460532735166e-02 -1.947588275209787695e-02 2.104578016702816912e-02
2.343305778163554468e-02 -4.880901840474639874e-02 -2.017028542249607592e-01 1.457370428009446307e-02 -1.147113106109529379e-01 -4.951050450571592432e-03 -1.314994002439366649e-01 4.830942338132968722e-02 -2.352704397080070467e-02 7.583889041361085992e-02 -2.918601938378155847e-01 3.385710512371686298e-01 1.701445868379764526e-01 -1.357764642732721665e-03 -1.631614797797230343e-01 -8.785967789239349512e-01
6.943686442220790844e-02 -1.094674570995023410e-01 -8.344713917756951815e-02 -9.031139180777347786e-02 -9.726579734276274980e-02 -3.762048133667827976e-01 2.267008960044117061e-01 1.905201142852612772e-01 -8.152227147040540939e-03 -2.594348891684585268e-01 5.352047717799053306e-01 1.171488684945972275e-01 1.779372746925585724e-01 2.784334079614466662e-01 -2.185926835329715101e-01 5.559382011367394183e-01
-5.820416395368149809e-03 -8.800770469861270151e-02 1.582790279054103189e-01 6.094467080214595323e-02 5.281060615420987009e-02 -9.039850128517068484e-02 -8.501460402381073866e-02 -4.027251430796185971e-03 8.656148969598000120e-02 -3.954008499896299877e-02 1.247415898167030524e-01 -1.521254895874137036e-01 5.533205131318481851e-02 -7.828759770540695551e-02 -8.900146926000181147e-02 -6.562002380422161940e-02
1.311662836470770255e-01 2.248012902828831205e-01 -1.635942169740490504e-01 2.939716305330079132e-02 9.086887738186355534e-02 1.395807848775243998e-01 -2.786105806148441721e-01 -1.505720001992203183e-01 3.695357997373042991e-02 1.414857337210411181e-01 -1.614498118171159013e-01 3.553790939282367445e-01 4.613796806631048630e-02 2.624007423380272375e-01 -1.095100998848003160e-01 -4.998887583519723288e-01
9.433010272372666094e-02 2.354823074028059293e-01 -2.612258409421023067e-02 5.888608657672236846e-02 6.148933330772857198e-02 1.300655037972472394e-01 1.098805945848501109e-01 -7.294993319773427840e-03 3.754036465076829570e-04 -1.168164626507888215e-01 8.375516836649254948e-02 2.346101395481294816e-01 -3.034544623923263185e-02 2.787127406996732851e-02 6.196057468927643891e-02 3.699961274446575965e-01
-1.234020191373254166e-01 -4.015187910195804066e-02 1.626377820397605645e-01 1.668066229407320217e-02 2.358342435971505502e-01 2.813557578034354689e-01 2.530003802019979361e-02 -3.115094950104204882e-02 -3.523069810798207246e-02 3.272099637721366250e-01 2.749485099532632260e-02 2.016467713641381665e-01 -1.885785465055657140e-01 -3.986248360691282966e-02 7.802528027864949478e-02 -4.607905987250788260e-01
-5.084758471085863013e-02 4.280494904431091790e-02 1.026958338557969613e-01 8.314473441551416266e-02 -7.962981645661879049e-02 -9.877505073032157024e-02 1.482188335510639943e-01 -3.878039387115220747e-04 -1.972786853959918596e-01 -5.470409452737311218e-02 2.308862501458553429e-01 -5.329626632548260801e-02 4.046956153788592442e-02 3.800442291156723718e-01 2.576058083375040164e-01 3.965356127164386124e-01
6.034631825903745417e-02 -1.746941500684066062e-01 -2.050886630343320138e-01 -1.772514219745748854e-01 8.883810412731643624e-02 -2.568621252927800747e-01 -1.297023489827688614e-01 -2.800794455651570841e-02 1.021853726415220959e-01 -5.551744976174639856e-02 -6.458986212795368997e-01 -3.954695565057171347e-01 3.400438060848676725e-01 1.796272222025285248e-01 -1.626473465203330804e-01 1.460909187684433508e-01
9.560098893483862104e-02 -1.527068722598740880e-01 -2.223938424428192340e-01 9.629324760821607321e-02 -1.692686431197115704e-01 -4.020650098468891431e-01 -3.149578593448777442e-01 -2.129346028775837563e-01 -3.230666106513006147e-02 -3.874049959741622529e-02 -1.071214436067035175e-01 -2.444028804187837745e-01 2.186565220347828076e-01 4.881325528594532975e-02 -4.730020320276258350e-02 1.413629635097644888e-01
1.222081770776177606e-01 3.112006553868252104e-02 6.305314528773944827e-02 9.789970424680899397e-02 -4.199760542916856215e-02 -1.159129422000224341e-01 -1.099739668175309243e-01 1.909373563153469316e-02 -1.448311661754932700e-01 -4.139255259711404067e-01 -3.773163710448940167e-02 -1.472059793654009741e-01 2.782283419032829941e-01 9.772302858788625701e-02 -1.653114291523855583e-01 2.745263637282062685e-01
2.228861428218802121e-01 1.589101367279089905e-01 -1.151860958481197433e-01 -2.452086732812206737e-01 1.540579101153840280e-01 -4.148532049624224088e-02 -2.579393571225131465e-01 -1.849299082852553233e-01 3.384606254803601555e-01 1.543632725544850370e-01 -8.564316698912603776e-02 -8.294197319017705683e-02 3.843802738659872487e-02 5.578856825260116586e-02 -4.029262631177347176e-01 -4.088063239519609815e-01
1.385579809702705556e-01 1.902941976613536923e-01 5.084359630715127795e-03 1.093123351678848554e-01 -3.369246261176821883e-02 -2.929357349004495237e-02 -9.716999052119724978e-02 -7.490712555354415991e-02 1.596237696347334312e-01 -2.032739824410256524e-01 -2.572560053402674352e-01 2.491039179514388802e-01 1.140002002696554884e-01 -6.210541303657254181e-02 -4.364333488012107076e-01 1.167256991930044896e-01
-3.059751584354709064e-01 -1.246633473457300356e-01 1.063674514129188571e-02 -1.924879763935549992e-01 1.305193466931714452e-01 3.797305901073338430e-01 2.310837048962067208e-01 1.992645595497202216e-01 3.829644257836579135e-01 3.612487592663108371e-01 -4.019770025834502047e-01 -3.458357163875144108e-02 -2.542651429374620520e-01 -2.737885168937400637e-01 -2.748971035542932539e-01 -6.434582056737007116e-01
-1.800652970353046056e-01 -1.119846325557448258e-01 1.918902100837744651e-01 9.244075643679017240e-02 3.125149870582812767e-02 -8.944359255595678553e-04 2.649492471697432183e-01 4.907929306094858946e-02 4.829936505722349366e-02 -3.493399314619417134e-02 2.503264622885869040e-01 1.604160532817548446e-01 2.221986494853329108e-01 2.260323826155009874e-01 -1.472849118448660566e-01 3.235552746671840896e-01
-1.989134868604621742e-01 -1.208868836711570055e-01 7.532608429669937489e-02 8.741254848837527736e-02 9.318996524652338465e-02 1.549664409398879839e-01 3.765873883823016022e-01 -6.584708489749099836e-02 -5.524662761668268016e-03 -7.310386569364749065e-02 -3.651539774021377027e-02 1.373578385476167674e-01 1.176649285334264022e-01 2.632472568468265800e-02 1.403322069535077876e-01 3.181675388573682040e-02
-1.918694191221201328e-02 -2.441277199504363060e-01 1.530101336041776727e-01 4.764362715384336255e-02 3.635804383084580149e-02 -2.914357644851584550e-01 -1.985552745733558111e-01 -9.894339077914699257e-03 8.422458020637643705e-02 1.372995405909572531e-01 1.949566920458453353e-02 6.194639895950958264e-02 -1.547009616239347976e-02 -3.275139018152645187e-01 -2.328460405684221468e-01 -2.495143472722476663e-01
1.020586529771252832e-01 1.063747455693367511e-01 -9.047866196429386887e-02 -6.834483807126023880e-02 5.387509239377473447e-02 -3.198703344578089636e-02 -1.302641646164185429e-01 -1.886241868238213992e-01 6.089758828623256098e-02 7.056112408958833959e-02 1.550183120124476177e-01 2.164313519061996927e-01 -1.671030524458370081e-01 7.063303466461078907e-04 -2.464685953768819271e-01 4.381846972474822688e-01
1.941125732469204182e-02 -3.263120474592255682e-02 -1.555114950523673600e-01 -5.908157970123378844e-02 -2.454271738278889642e-02 -8.919102359057815010e-02 -2.115613332035555239e-01 -8.784746789861459793e-02 3.254730579770368504e-01 4.173184678095497036e-02 -1.382312801935003388e-01 -2.695520962585937208e-01 -3.070412392874587448e-01 -4.166189277514872336e-01 -2.079919387716378243e-01 -2.825962267914436943e-01
1.490951361070651585e-03 3.438842075022240374e-01 1.680232279906473947e-01 -1.656447145720432446e-01 -3.670515730731457177e-02 2.222253167831295950e-01 7.253969619008410370e-03 -1.429134737621402251e-01 -1.663906468184716270e-01 -1.337918260262527248e-01 2.316082987477805499e-01 -9.044825671474947260e-02 1.514426144860555115e-02 1.995940603529289259e-01 1.240498333293384853e-01 4.383695927452533891e-01
-8.747702006479028680e-02 -8.210798134945052063e-02 -2.160441031461038663e-01 -4.742490181632060819e-01 -5.357914856457647590e-02 1.239647028961312208e-01 2.451031805548647136e-01 2.818870305138844734e-01 4.588410080275763525e-02 7.947926445657020958e-03 -1.848607917100857922e-01 1.147599052755903792e-01 5.169303266344032338e-02 -1.770390356172045487e-01 2.058934836272925326e-02 -3.265257432409781613e-01
-1.163724363948413498e-01 -2.153475882391772400e-01 6.367254563884625074e-02 -1.400266879740803549e-01 -2.581594516172572851e-01 -2.657251201908285010e-01 -1.216728259465522759e-02 4.031647006177602188e-01 -1.785523707619902922e-01 1.432286159007728210e-01 -1.088503067012737413e-01 1.984483970742327852e-01 1.920938230690082404e-01 6.323221683203489318e-02 2.380196645154468993e-01 -5.313418504923983487e-01
-2.670146991782634469e-02 -1.258772392847200827e-01 -1.094693560852378345e-01 3.463479487889398883e-02 -9.065232791635116291e-03 -1.470853120727020902e-01 3.320822718183191746e-01 -2.796892867331727400e-02 -1.375165624015391441e-01 -2.806944597064645053e-01 9.583085483551134764e-02 1.266009170992690169e-01 8.171730164774200500e-02 1.175780340212196490e-02 2.370344696669856033e-01 4.473575353540156785e-01
1.084756337762917550e-01 -2.295803006115650913e-01 -9.742574580947264973e-02 -4.610660524555274670e-02 6.284929813847779656e-02 -7.651010469449248674e-02 -1.874156208529999257e-01 -1.415522364990401405e-01 1.072879011934015914e-01 4.413081299123443602e-01 2.744076484806015070e-01 4.910283913233562392e-02 1.152745796652875077e-01 3.642866533879609431e-02 3.336877613948290716e-02 -3.486856870173936640e-01
1.589185914926425913e-01 1.944364362742785624e-01 9.014206371548857955e-02 3.971791258144752867e-01 1.681420459448526583e-01 1.995811901174540937e-01 1.982799616302975965e-01 -1.678942242055511957e-01 -9.246096089968411369e-02 -1.192199365855683424e-01 4.345998809884027980e-01 -4.355195041470040496e-02 -1.938922954214002958e-01 4.173881054665913859e-01 -4.722092586976366912e-01 4.933154022266750816e-01
-1.661156718651088729e-02 2.838481625532232044e-01 9.189226521193480379e-02 8.643588279526810345e-03 9.904014804035911335e-02 5.080996596884814753e-01 -1.064884010306126755e-01 2.317069730075608201e-03 2.802080694394453175e-01 1.099494843087427676e-01 -2.076800633116864248e-01 9.155421713579711684e-02 -1.905374580832676912e-01 -6.266875774982881564e-02 -1.757615910670088377e-01 -4.218040488173113167e-01
3.835625428263602504e-02 3.871942730886127615e-01 3.056573093895933318e-02 -1.046565025464147036e-01 1.067901960803266520e-01 2.441466885086088501e-01 -3.103289056334349906e-03 -1.711996709713569931e-01 -2.412351339162693564e-01 -1.679324623884447254e-01 4.627802019895970592e-02 6.317741669119286696e-02 -1.690465194321806586e-01 1.862216649274915092e-01 2.892306010149731654e-01 2.096113405482406822e-01
-1.169830054541046577e-01 1.260226201292384551e-01 8.463965670852582890e-02 8.178395519967860197e-03 1.042463246880222238e-01 2.534381525637726673e-01 3.378200113260027559e-01 1.405486195814730221e-01 8.592813890644283858e-02 -1.004816176956053048e-01 -1.396430290361784232e-01 1.944615028199750684e-01 1.911442595183583948e-01 3.141502893190582513e-01 2.773461219154235713e-01 9.440933744649701587e-02
-1.957742779768772978e-01 -2.445174356597759335e-01 5.136598749689744343e-03 -9.011192382864265105e-02 -2.306493469225548987e-01 -3.902079395917984472e-01 2.875950434711097708e-02 2.142406455097776719e-01 -7.179530192306540770e-02 -8.894327342255807511e-03 1.308847373470592712e-01 -3.830139823497634433e-02 1.382767371466888662e-01 -1.893219378858847779e-01 1.891902306245161203e-01 1.382519075436088388e-02
9.128265215200229155e-03 -2.511628533809443509e-01 -2.662364169150502335e-01 -6.895640439644677711e-02 5.479313905696391040e-02 -2.592204132555580021e-01 1.063908245671759401e-01 -2.407384289853639336e-01 1.286730288622401908e-01 -5.374671272059274030e-02 4.176709534844949556e-01 -1.844797952065020397e-01 2.403300657103259463e-01 -1.277171611906819382e-01 -1.396372831057554609e-01 7.128419383486465088e-01
4.329636338595773543e-02 -1.299342095331218749e-01 -4.246417793387113199e-02 1.961613736686201592e-01 9.680143773066772483e-02 5.416499237530553873e-02 -2.091330787038191696e-01 -1.089738110370771923e-01 1.507970045066904796e-01 -1.096393484832655814e-02 -1.127012679880929624e-01 4.044896141820829988e-02 -3.260112729078525062e-02 -4.250599871976320498e-01 -1.504052268975793194e-01 -3.609617767381542164e-01
1.921782849992649533e-01 6.694653337196278253e-02 -3.335627601425790179e-01 -1.564034861598867232e-01 -1.164879880293344522e-01 -1.309661905720936881e-01 -1.452557506241473548e-02 1.671516104931362046e-01 1.459497050409119291e-02 -8.809660024433943470e-02 -7.153860110821909368e-02 -2.596018824910843389e-02 -8.687845165257770952e-02 -2.595718322214908835e-01 -2.484278149953332571e-01 1.282403815427279048e-01
3.351079190292620413e-02 1.172561708582298134e-02 -9.931259240640584463e-02 -1.504198348984831513e-01 1.285025656702158958e-01 2.358612882909099373e-01 -1.230190390933312977e-01 7.416242057519685515e-02 7.237930906898572270e-02 -4.991086535751826370e-02 -1.143275492121805931e-01 -1.385548486833794168e-01 -2.433456703486445161e-01 1.320822905898558566e-02 -1.246478030832747635e-01 -2.667677358626229789e-01
7.069265300149546460e-02 8.771314245683010935e-02 -1.180696404351099654e-01 -3.034598840946263199e-01 3.174574685323607731e-02 -2.935894994186201770e-02 -1.143554837616673064e-01 1.815763860225951543e-01 1.677210414251164294e-01 -7.442095265245678160e-02 1.640233536094031636e-02 -3.243517534509696848e-02 1.237657558627145160e-01 1.024405097405004378e-01 -5.499845531906540907e-01 -1.714767383955042024e-01
-4.151832526299496090e-02 -1.348783529278533011e-01 1.280040156695523013e-01 -6.657571032301283324e-03 -2.307084987381353806e-03 -1.367110392546158348e-01 4.066029820271568895e-01 2.753473269016471492e-01 -2.446708659622832682e-01 -5.625782425224564731e-01 3.955996266042543508e-01 2.864603193903911826e-01 2.535772734673735415e-02 -2.304701507710461283e-01 -1.708269058795634093e-02 2.890474769095129348e-01
-1.644038927212653975e-02 -1.249770358892057925e-01 8.582006606788279701e-02 1.599201373556953798e-01 -4.998669543436100662e-03 -1.801352019002864027e-02 1.043396850591746944e-02 2.769075938775926102e-03 8.983861609774627596e-03 -3.465355553375396025e-02 4.780909077472024482e-02 8.108019395549951464e-03 -1.211047991391492884e-01 -6.157548976576127792e-02 8.356838162157730066e-02 -4.901167644860201511e-01
7.305607084570574228e-02 -3.255375678251450251e-03 -4.680608138740451757e-02 1.115793655113014454e-01 -1.181258710308252021e-03 -1.044828336139776714e-01 -3.055270022157943743e-01 -1.653289047097673270e-01 9.264274710387737644e-02 1.291271901524756321e-02 -9.985523902280388220e-02 6.763991338040188650e-02 4.722699350998442458e-02 -1.035627215478165802e-01 -2.741003295796913264e-01 2.398166516985431040e-01
1.677976393719282366e-01 1.175819511430669512e-02 -4.511177890064359541e-01 -1.241639120889387465e-01 2.471477219942908587e-01 8.860272813126009173e-02 -8.861351356394883694e-02 8.094850807855455410e-02 4.240928260716176346e-01 -2.100601694429350338e-02 -4.280876597538492701e-01 1.748371497412889719e-01 -1.974339990931132105e-01 -1.518624112076347177e-01 -3.828750521635675419e-01 3.209441948549004997e-02
-2.315668569721789916e-01 4.008904704885865589e-02 9.140314449027336918e-02 1.741252134273791607e-01 -8.516693788435787671e-02 1.625791629049057330e-01 3.392542593912323823e-01 -1.372914021525890316e-01 1.691855298944933972e-01 1.535694100184903099e-01 2.667794297613041432e-01 1.119886649940459444e-01 -2.260951062483154139e-01 -2.797960911566449785e-02 -6.814141902633083503e-02 2.583675129084898603e-01
-1.559578724305106245e-01 2.981310509646487028e-02 -1.272281063002992860e-02 -7.879289011572929158e-02 -8.192758849419451428e-02 7.962181489906895726e-02 3.544792047390120660e-01 1.097434514551384604e-01 1.204336632441779520e-01 -2.184332625977480069e-01 -1.771265799349101139e-02 1.094076264968645157e-01 -2.438606117121582262e-01 -1.098828329258879910e-01 1.670729901728624511e-01 2.359143920363737379e-01
-5.641168921385131957e-02 8.496848938376101723e-02 2.225377016082673576e-01 -8.584753061136921048e-02 3.769273590407690722e-01 4.397560818512961101e-01 6.352015503319906504e-03 1.532445328999232359e-01 1.638998922836247263e-01 2.171244040033333544e-01 -4.060091679009197874e-01 -1.441386151963691964e-01 -3.187731585149589097e-02 -6.043564000669614245e-02 9.714979429723900883e-02 -2.967138742957615150e-01
-2.184795545672361949e-01 -1.068624000112659150e-01 -1.865291398251418126e-02 1.394878368515358180e-01 -2.147508588474665858e-01 -1.878576509724594334e-01 1.836403269926789317e-01 -1.496281610219863667e-01 7.832696721768778181e-02 -2.982072938929436479e-01 6.450994029326202750e-02 -1.057279330912438559e-01 2.713944676421277125e-01 1.820102295640171342e-01 3.280219789293217225e-01 4.410935064986513665e-01
9.599514183363699882e-02 -2.601218822706810596e-02 -1.345454045460148518e-01 3.575905718175238085e-02 1.071393025358816226e-01 -2.490070006146111528e-02 6.828116348461552021e-02 -1.379013107017874606e-01 -1.259463284718901066e-01 -1.194731042072397637e-01 9.121086573245520968e-02 -1.731441332593264271e-01 -7.467847347993718243e-02 -7.900835349015465636e-02 -1.398460304613602656e-01 6.732674009852890329e-02
1.424771291628353087e-01 -2.170479504569409190e-01 -1.780433797871293633e-01 5.321133021384600453e-02 -2.493376743842815740e-03 -3.526576095775186825e-01 7.996848425021443885e-02 2.507180419688481154e-01 4.038050152957949751e-02 -5.239208485083820740e-03 2.494297822623305072e-01 -3.720455376277271298e-01 1.205420609168306040e-01 -3.880942240445715841e-02 -5.004683317020690581e-01 3.674774148220623093e-01
-4.478942252158156848e-03 1.060487286092612162e-02 -9.320748859305786477e-03 7.207378712364542750e-02 -8.622513964155639754e-02 -6.861308213934133593e-02 -1.572795361167396155e-01 -3.685303356379825146e-02 -2.003052794759839494e-01 -2.818924300382118497e-01 -2.805847692499530699e-01 -6.123713456847698633e-02 -4.094560056157602740e-02 -1.248506005239805039e-01 -1.449852983067459467e-01 -1.739933533061809035e-01
-5.864159540513587399e-02 -8.944925516291102330e-02 2.807349524455287071e-01 5.372120438766351397e-02 3.564805536359710175e-02 -1.734748754588464129e-02 5.666869394831946377e-03 1.785979849310229475e-02 -2.936106941202797430e-02 -1.303440557938396333e-02 1.108725460951915792e-01 2.527669828725374046e-01 -1.459728855565669836e-01 -3.490838445690553349e-01 -3.256546333072793398e-01 -4.432541803789341039e-01
9.635003978699184513e-02 6.544218393315545668e-02 1.107910911727465059e-01 3.244701445935499473e-03 1.519015630853133847e-01 2.414457887563615512e-01 -3.297862794781985379e-02 3.156194837871686976e-01 -1.605273192711435537e-01 -2.201298442918580567e-01 -2.767493909676965735e-01 2.813149284385244586e-01 1.712462845285049051e-01 3.150990230134224634e-01 4.340540271402497097e-01 -3.281542430352788614e-02
-9.198789404658941349e-02 -9.470186128974082684e-02 1.939598757860555855e-01 2.603641648024648814e-01 2.021246847534775015e-01 2.989123102900494433e-01 -9.780395822889290103e-02 2.581978204399728583e-01 1.647789486439475148e-01 1.403248471639603756e-01 -8.286784780548600571e-01 1.085587954065578703e-01 6.547250179414065320e-03 -9.925247060193695403e-05 -1.925576763466803343e-01 -8.465810121102484986e-01
-5.609951618358760550e-02 -1.740682255530126843e-01 2.258284757227124462e-01 -1.778945643788313324e-01 -5.693638333257620282e-02 -4.254332852121158748e-01 -5.025963069378771436e-02 2.502864988863215401e-01 2.280636037798149801e-02 -1.793026118067788666e-01 3.531872735497392224e-01 1.822451844343300209e-01 2.268688045938058173e-02 6.455857314216537080e-02 4.693179623595739730e-02 2.969331430818728523e-01
6.725024526729690699e-03 1.202384166018564959e-01 -4.884908323249755741e-02 -1.363541592175497585e-01 1.732371083420056468e-01 1.026547872437498649e-01 5.409382795640454294e-02 1.771720758636358833e-02 2.478821582431633141e-01 -5.153864592599258915e-02 -4.035818043450401515e-01 -1.116781764608822947e-01 -1.590490956113097820e-01 -6.499650124506074766e-03 -3.196561467827522263e-01 2.517524392748637374e-01
-2.855149612613734345e-01 1.134245160895810678e-01 1.922956460370988663e-01 3.447490224953445592e-01 -2.080215844633451494e-01 7.962319104311502138e-02 1.383902151144426051e-01 -1.505733583471900172e-01 1.810368313956622899e-02 -5.329906349292507645e-02 2.400126016611973251e-02 1.047903613913122797e-02 -2.316750550262950126e-01 1.244052135585088925e-01 -1.057524108099243965e-01 -2.679485496564567026e-01
1.072145290218931915e-02 7.743328503589005929e-02 -1.369406269679344645e-01 -1.821351448240055571e-01 -1.210541708954894075e-01 -2.180404503590469556e-01 1.617929750820743806e-01 -4.771478598609796284e-02 7.269248825344538922e-02 -1.248673859115497081e-01 3.545614929215524791e-01 1.705316309800752189e-02 7.612316100182232870e-02 6.786830626218247342e-02 -7.817464123806737442e-02 6.174372966895625980e-01
-7.859490646172762052e-02 -1.262049124481506024e-01 4.508131129992958008e-02 2.241281229465507951e-01 1.664270435695476905e-02 1.091114512022221122e-01 5.556776660438313142e-02 5.258518223307516448e-02 8.048379073638858849e-02 3.362395204586589026e-01 -7.967328514782535953e-02 7.925378103906922933e-02 -2.143716151208565901e-01 -2.229526345163511114e-01 -1.180516249440520526e-02 -2.187145886613776902e-01
-4.063663220976079793e-02 7.905803414892560721e-02 1.441933103157995721e-01 1.670498538498295660e-01 -7.520317399146800308e-02 -6.214832364565798378e-02 -2.233961529364651005e-02 2.763956293936797870e-02 -1.888313948006279386e-01 -3.239064073222162610e-01 7.509611673117555508e-02 -2.563121543231725030e-02 1.149012009864992800e-01 -3.576779692965920132e-02 1.668470090134499539e-01 3.680814761768371191e-01
1.985987143193351234e-01 -1.035074477901999634e-01 -4.654727854743187510e-01 -4.369658883840423225e-01 -6.557772564173111607e-02 -3.978320187969462962e-01 -3.016921613612824071e-01 -3.703351878785621221e-02 4.974367207726258788e-02 -3.433008698228238731e-01 -2.927170249468922791e-01 -1.244541239244354031e-01 2.783851917923964997e-02 -2.223043217266527649e-01 -1.242689843086591944e-01 3.249391564853731929e-01
-1.462334183131546173e-01 -1.997948871502038259e-01 1.287409543526595868e-01 -1.130265475290195484e-02 -1.165249099713319691e-01 -2.266188313255422526e-01 -1.412805977187681084e-01 -9.197942022619204350e-02 -1.320773994797949102e-01 -4.716269333868505775e-02 2.283103097682854521e-01 -2.116063361549240240e-01 1.004970389813165665e-01 -1.570102781993155949e-01 3.739953035625753069e-02 2.223132361776669896e-01
-1.109539731123137044e-02 1.952957557781766496e-01 2.598767008626463593e-01 1.094785039561316405e-02 -7.582759140416130139e-02 1.133453436636098904e-01 -1.457946669180282262e-01 -7.055975704162317785e-02 3.662581237975347237e-02 -1.759552712900898652e-01 -1.760839081164680964e-01 -2.113079446132625772e-01 -1.705196031371749021e-01 3.915486779594188824e-04 -3.380752144203636456e-01 -2.625848727330468702e-01
1.329415103988238755e-01 -2.028592286101051339e-03 -1.084760889530180794e-01 -1.939241283044729203e-01 3.549151090109018969e-01 1.345668835281061682e-01 1.319943303940587231e-01 2.230088053844102303e-01 3.863814491226597592e-01 2.528658814256126153e-01 1.363229929302660626e-01 -1.015237012098184621e-01 -6.227684973831034559e-02 1.283927874013360282e-01 -4.963110676557428991e-01 5.149304359141728543e-02
4.613936573828492441e-03 1.876838551814067127e-02 1.926225485839389018e-01 1.441841025647963570e-01 8.175173200936041232e-03 1.879180922484255112e-01 -6.067732683214283745e-02 8.010015967386388547e-02 -1.042205897421034366e-01 -1.483900569133801417e-01 1.597997887080386259e-01 2.227286919697385112e-02 2.186869432937617042e-01 9.668355136984473075e-02 2.602419206096871426e-02 2.984170925073177938e-01
